BEGIN
0.000	-0.948	9.626	1.750	-1.050	-0.840	-0.214	-0.155	-0.505	
-0.036	-1.027	9.511	1.610	-0.980	-0.210	-0.204	-0.158	-0.504	
-0.036	-1.012	9.684	1.610	-1.050	-0.490	-0.198	-0.153	-0.503	
-0.086	-0.940	9.590	1.540	-0.980	-0.630	-0.211	-0.162	-0.492	
-0.108	-1.019	9.576	1.680	-1.050	-0.560	-0.206	-0.150	-0.505	
-0.100	-0.983	9.698	1.330	-1.050	-0.630	-0.209	-0.151	-0.497	
-0.079	-1.012	9.727	1.610	-0.910	-0.840	-0.197	-0.160	-0.505	
-0.093	-1.019	9.655	2.030	-0.980	-0.560	-0.210	-0.156	-0.509	
-0.215	-0.969	9.605	1.610	-1.190	-0.490	-0.206	-0.152	-0.498	
-0.065	-1.055	9.583	1.470	-0.980	-0.630	-0.201	-0.152	-0.494	
-0.151	-0.976	9.583	0.980	-0.980	-0.630	-0.207	-0.156	-0.512	
-0.050	-0.976	9.519	1.540	-0.700	-0.560	-0.201	-0.159	-0.505	
-0.129	-1.027	9.590	1.750	-0.910	-0.630	-0.205	-0.158	-0.508	
-0.079	-1.019	9.555	1.470	-0.910	-0.490	-0.200	-0.154	-0.501	
-0.029	-0.912	9.576	1.400	-0.840	-0.420	-0.203	-0.158	-0.491	
-0.129	-0.940	9.734	1.540	-1.190	-0.560	-0.202	-0.157	-0.504	
-0.122	-0.991	9.569	1.680	-1.120	-0.350	-0.215	-0.158	-0.511	
-0.115	-1.019	9.612	1.960	-1.190	-0.490	-0.200	-0.162	-0.493	
-0.108	-0.969	9.598	1.750	-0.910	-0.490	-0.212	-0.153	-0.502	
-0.100	-0.991	9.748	1.400	-0.840	-0.420	-0.203	-0.153	-0.495	
-0.179	-0.976	9.576	1.680	-1.050	-0.770	-0.206	-0.160	-0.506	
-0.065	-0.962	9.540	1.400	-0.700	-0.560	-0.202	-0.150	-0.505	
-0.108	-0.991	9.598	1.820	-0.840	-0.630	-0.199	-0.149	-0.498	
-0.007	-1.005	9.641	1.470	-1.120	-0.560	-0.205	-0.152	-0.505	
-0.057	-1.034	9.598	1.680	-0.910	-0.560	-0.205	-0.157	-0.498	
0.000	-0.983	9.626	1.610	-0.910	-0.700	-0.212	-0.163	-0.503	
-0.108	-1.019	9.590	1.890	-1.120	-0.560	-0.208	-0.161	-0.494	
-0.144	-0.948	9.598	1.820	-0.910	-0.420	-0.203	-0.151	-0.510	
-0.108	-0.991	9.677	1.400	-0.910	-0.280	-0.208	-0.157	-0.508	
-0.172	-0.948	9.619	1.330	-1.120	-0.070	-0.208	-0.152	-0.494	
TOOK DATA
STEPPING
-0.201	-1.034	9.691	1.260	-1.400	-0.280	-0.262	-0.136	0.965	
-0.057	-1.062	9.569	1.400	-1.400	-0.350	-0.261	-0.139	0.962	
-0.237	-0.991	9.677	1.820	-1.260	-0.560	-0.271	-0.143	0.969	
-0.144	-0.991	9.626	1.820	-1.260	-0.350	-0.260	-0.143	0.970	
-0.223	-1.019	9.648	1.610	-1.190	-0.560	-0.255	-0.143	0.970	
-0.165	-0.983	9.526	1.750	-1.260	-0.770	-0.259	-0.135	0.962	
-0.294	-0.976	9.555	1.540	-0.840	-0.630	-0.261	-0.140	0.962	
-0.172	-1.062	9.655	1.820	-1.050	-0.490	-0.256	-0.140	0.966	
-0.115	-1.048	9.540	1.890	-0.980	-0.770	-0.255	-0.179	0.964	
-0.158	-1.055	9.504	1.960	-0.840	-0.490	-0.259	-0.135	0.963	
-0.223	-1.034	9.540	1.610	-0.910	-0.420	-0.261	-0.141	0.962	
-0.144	-1.005	9.677	1.750	-0.910	-0.630	-0.259	-0.145	0.966	
-0.122	-1.105	9.569	1.470	-0.840	-0.560	-0.260	-0.143	0.969	
-0.108	-1.034	9.698	1.820	-0.770	-0.770	-0.254	-0.140	0.962	
-0.165	-1.027	9.619	1.540	-1.050	-0.280	-0.257	-0.132	0.957	
-0.115	-1.005	9.583	1.890	-0.840	-0.770	-0.257	-0.142	0.957	
-0.115	-0.998	9.526	1.610	-1.050	-0.560	-0.256	-0.132	0.967	
-0.187	-1.012	9.626	1.470	-1.050	-1.050	-0.260	-0.142	0.969	
-0.151	-0.998	9.648	1.540	-1.190	-0.700	-0.265	-0.135	0.979	
-0.287	-1.077	9.583	1.470	-0.980	-0.420	-0.257	-0.150	0.955	
-0.215	-1.048	9.648	1.400	-0.770	-0.630	-0.259	-0.141	0.973	
-0.129	-1.019	9.634	1.680	-1.120	-0.420	-0.255	-0.147	0.963	
-0.179	-0.983	9.519	1.470	-1.260	-0.630	-0.268	-0.145	0.967	
-0.230	-1.019	9.605	1.680	-0.910	-0.770	-0.260	-0.141	0.964	
-0.230	-0.933	9.562	1.330	-1.190	-0.560	-0.261	-0.147	0.970	
-0.151	-1.012	9.590	1.540	-1.330	-0.280	-0.251	-0.140	0.961	
-0.144	-0.998	9.634	1.260	-1.050	-0.560	-0.252	-0.140	0.957	
-0.086	-1.041	9.583	1.330	-0.910	-0.560	-0.256	-0.146	0.976	
-0.208	-1.091	9.540	1.540	-1.050	-0.350	-0.255	-0.141	0.969	
-0.187	-1.019	9.576	1.540	-0.980	-0.490	-0.264	-0.135	0.974	
TOOK DATA
STEPPING
-0.424	-1.012	9.605	1.400	-0.560	-0.770	-0.463	-0.205	2.749	
-0.280	-1.199	9.619	1.750	-0.910	-0.630	-0.462	-0.208	2.748	
-0.280	-1.041	9.605	1.400	-0.980	-0.490	-0.459	-0.204	2.748	
-0.266	-1.062	9.641	1.750	-1.260	-0.420	-0.461	-0.209	2.754	
-0.294	-1.062	9.590	1.610	-1.050	-0.560	-0.460	-0.209	2.745	
-0.301	-1.027	9.519	1.400	-0.910	-0.560	-0.467	-0.201	2.751	
-0.287	-1.055	9.576	1.470	-0.840	-0.490	-0.461	-0.211	2.757	
-0.287	-1.005	9.648	1.400	-0.980	-0.420	-0.460	-0.207	2.761	
-0.337	-1.105	9.555	1.890	-0.910	-0.700	-0.454	-0.205	2.761	
-0.330	-1.019	9.626	1.750	-0.840	-0.490	-0.462	-0.203	2.764	
-0.309	-1.041	9.526	1.540	-0.910	-0.420	-0.458	-0.215	2.745	
-0.258	-1.091	9.583	1.610	-0.980	-0.350	-0.462	-0.207	2.751	
-0.424	-1.134	9.555	1.540	-1.260	-0.910	-0.466	-0.206	2.754	
-0.280	-0.969	9.583	1.330	-0.980	-0.910	-0.469	-0.204	2.749	
-0.194	-1.062	9.555	1.260	-0.840	-0.770	-0.462	-0.201	2.747	
-0.215	-1.062	9.612	1.750	-0.770	-0.490	-0.460	-0.207	2.750	
-0.337	-1.041	9.619	1.750	-1.330	-0.700	-0.464	-0.204	2.753	
-0.352	-0.976	9.590	1.890	-1.330	-0.700	-0.468	-0.208	2.749	
-0.388	-1.077	9.598	1.540	-1.050	-0.630	-0.474	-0.210	2.748	
-0.366	-1.127	9.504	1.820	-1.120	-0.490	-0.473	-0.210	2.740	
-0.337	-1.070	9.612	1.680	-0.770	-0.280	-0.466	-0.210	2.748	
-0.323	-1.098	9.655	1.470	-0.910	-0.490	-0.463	-0.202	2.743	
-0.287	-1.149	9.511	1.470	-0.910	-0.490	-0.469	-0.204	2.768	
-0.345	-1.041	9.612	1.400	-1.120	-0.420	-0.465	-0.206	2.753	
-0.352	-1.027	9.648	1.890	-0.490	-0.700	-0.468	-0.204	2.745	
-0.294	-1.012	9.619	1.680	-0.910	-0.420	-0.467	-0.214	2.762	
-0.244	-0.983	9.511	1.400	-1.120	-0.630	-0.463	-0.208	2.759	
-0.316	-1.077	9.476	1.750	-1.050	-0.910	-0.467	-0.212	2.740	
-0.266	-1.098	9.684	1.680	-1.190	-0.840	-0.469	-0.213	2.758	
-0.330	-1.127	9.619	1.470	-0.840	-0.560	-0.467	-0.204	2.757	
TOOK DATA
STEPPING
-0.395	-1.105	9.691	1.540	-0.840	-0.490	-0.511	-0.291	2.628	
-0.316	-1.120	9.684	1.260	-0.910	-0.210	-0.517	-0.285	2.628	
-0.345	-1.041	9.533	1.540	-0.630	-0.420	-0.521	-0.284	2.632	
-0.467	-1.120	9.555	1.610	-0.980	-0.490	-0.510	-0.284	2.631	
-0.388	-1.055	9.562	1.610	-1.190	-0.770	-0.512	-0.291	2.640	
-0.459	-1.027	9.519	1.750	-1.190	-0.840	-0.518	-0.299	2.642	
-0.309	-1.055	9.533	1.470	-1.190	-0.420	-0.507	-0.289	2.642	
-0.431	-1.084	9.533	1.540	-0.910	-0.350	-0.518	-0.290	2.639	
-0.309	-1.098	9.547	1.680	-0.770	-0.560	-0.514	-0.284	2.641	
-0.316	-1.113	9.705	1.120	-0.980	-0.700	-0.517	-0.286	2.639	
-0.280	-1.055	9.648	1.820	-0.700	-0.420	-0.514	-0.284	2.636	
-0.388	-1.055	9.569	1.540	-0.910	-0.700	-0.518	-0.300	2.642	
-0.366	-1.019	9.634	1.820	-0.770	-0.350	-0.520	-0.286	2.649	
-0.359	-1.105	9.576	1.610	-0.840	-0.700	-0.521	-0.281	2.653	
-0.452	-1.055	9.634	1.890	-1.330	-0.490	-0.509	-0.283	2.641	
-0.380	-1.055	9.583	1.540	-1.050	-0.770	-0.514	-0.282	2.640	
-0.395	-1.055	9.612	1.330	-0.910	-0.700	-0.525	-0.281	2.631	
-0.373	-1.141	9.626	1.750	-1.050	-0.490	-0.520	-0.285	2.644	
-0.416	-1.149	9.648	1.610	-1.120	-0.560	-0.518	-0.283	2.626	
-0.388	-1.055	9.569	1.610	-1.190	-0.630	-0.518	-0.288	2.640	
-0.409	-1.098	9.533	1.750	-1.190	-0.770	-0.516	-0.290	2.639	
-0.531	-1.070	9.504	1.820	-0.980	-0.700	-0.509	-0.297	2.643	
-0.294	-1.027	9.583	1.820	-0.910	-0.700	-0.515	-0.294	2.635	
-0.323	-1.048	9.605	1.820	-0.980	-0.700	-0.516	-0.287	2.638	
-0.359	-1.149	9.669	1.540	-0.980	-0.700	-0.520	-0.288	2.650	
-0.345	-1.055	9.655	1.470	-1.120	-0.770	-0.516	-0.290	2.644	
-0.337	-1.091	9.605	1.750	-1.120	-0.490	-0.510	-0.291	2.645	
-0.380	-1.141	9.569	1.750	-1.120	-0.560	-0.515	-0.289	2.656	
-0.395	-1.127	9.712	1.680	-1.190	-0.910	-0.520	-0.292	2.634	
-0.409	-1.062	9.605	1.890	-0.910	-0.420	-0.519	-0.293	2.645	
TOOK DATA
STEPPING
-0.416	-1.149	9.605	1.260	-0.630	-0.490	-0.410	-0.324	1.578	
-0.424	-1.077	9.576	1.680	-1.260	-0.490	-0.408	-0.332	1.572	
-0.459	-1.034	9.655	1.820	-1.050	-0.630	-0.415	-0.324	1.584	
-0.424	-1.070	9.583	1.260	-1.050	-0.280	-0.410	-0.326	1.582	
-0.459	-1.127	9.547	1.750	-0.910	-0.770	-0.411	-0.319	1.563	
-0.517	-1.077	9.619	1.610	-1.330	-0.630	-0.412	-0.323	1.565	
-0.323	-1.156	9.641	1.610	-0.770	-0.280	-0.410	-0.323	1.573	
-0.438	-1.055	9.634	1.540	-1.050	-0.560	-0.407	-0.319	1.569	
-0.402	-1.084	9.691	1.540	-1.190	-0.420	-0.409	-0.325	1.575	
-0.380	-1.070	9.576	1.680	-0.840	-0.630	-0.409	-0.331	1.587	
-0.402	-1.120	9.547	1.750	-1.120	-0.630	-0.410	-0.321	1.578	
-0.488	-1.062	9.540	1.470	-0.980	-0.490	-0.410	-0.326	1.576	
-0.495	-1.034	9.576	1.820	-1.050	-0.630	-0.410	-0.326	1.569	
-0.517	-1.077	9.483	1.540	-1.470	-0.700	-0.411	-0.327	1.568	
-0.517	-1.070	9.634	1.610	-0.770	-0.630	-0.411	-0.325	1.559	
-0.459	-1.120	9.562	1.330	-1.050	-0.630	-0.403	-0.326	1.578	
-0.467	-1.077	9.612	1.470	-1.050	-0.770	-0.412	-0.326	1.569	
-0.388	-1.048	9.562	1.680	-1.190	-0.700	-0.412	-0.330	1.583	
-0.402	-1.149	9.598	1.610	-0.980	-0.700	-0.415	-0.320	1.576	
-0.452	-1.070	9.483	1.750	-0.770	-0.350	-0.417	-0.330	1.566	
-0.502	-1.149	9.476	1.260	-0.910	-0.560	-0.414	-0.326	1.564	
-0.424	-1.019	9.555	1.890	-0.700	-0.560	-0.411	-0.325	1.577	
-0.438	-1.127	9.598	1.680	-0.910	-0.770	-0.411	-0.324	1.566	
-0.409	-1.048	9.555	1.890	-1.120	-0.840	-0.417	-0.323	1.569	
-0.459	-1.120	9.583	1.400	-0.980	-0.490	-0.412	-0.327	1.563	
-0.445	-1.113	9.555	1.330	-0.980	-0.490	-0.410	-0.327	1.563	
-0.431	-1.149	9.677	1.330	-1.190	-0.490	-0.410	-0.324	1.561	
-0.388	-1.098	9.619	1.610	-0.910	-0.350	-0.414	-0.333	1.571	
-0.560	-1.105	9.555	1.470	-1.050	-0.840	-0.415	-0.325	1.557	
-0.366	-1.084	9.648	1.470	-0.840	-0.910	-0.410	-0.326	1.564	
TOOK DATA
STEPPING
-0.596	-1.120	9.612	1.400	-1.050	-0.840	-0.229	-0.257	-0.339	
-0.603	-1.141	9.562	1.610	-0.700	-0.490	-0.229	-0.247	-0.332	
-0.603	-1.098	9.547	1.540	-1.120	-0.280	-0.233	-0.257	-0.328	
-0.574	-1.070	9.648	1.330	-1.330	-0.630	-0.230	-0.259	-0.330	
-0.531	-1.127	9.619	1.820	-1.260	-0.490	-0.229	-0.259	-0.327	
-0.553	-1.134	9.598	1.540	-1.120	-0.560	-0.228	-0.249	-0.348	
-0.474	-1.098	9.677	1.610	-0.840	-0.840	-0.226	-0.252	-0.330	
-0.553	-1.055	9.626	1.610	-1.120	-0.350	-0.229	-0.255	-0.326	
-0.531	-1.084	9.605	1.540	-1.120	-0.280	-0.229	-0.261	-0.337	
-0.546	-1.091	9.634	1.610	-1.050	-0.560	-0.236	-0.259	-0.330	
-0.546	-1.192	9.576	1.680	-1.050	-0.490	-0.235	-0.249	-0.332	
-0.502	-1.105	9.555	1.470	-1.260	-0.560	-0.236	-0.251	-0.326	
-0.510	-1.105	9.562	1.470	-0.980	-0.560	-0.242	-0.251	-0.322	
-0.495	-1.091	9.626	1.680	-1.470	-0.560	-0.234	-0.250	-0.331	
-0.567	-1.034	9.590	1.610	-1.050	-0.560	-0.238	-0.258	-0.328	
-0.553	-1.249	9.569	1.120	-1.330	-0.490	-0.229	-0.248	-0.333	
-0.574	-1.091	9.540	1.680	-1.260	-0.350	-0.229	-0.250	-0.325	
-0.517	-1.070	9.576	1.470	-1.120	-0.560	-0.237	-0.247	-0.326	
-0.596	-1.113	9.626	1.610	-1.050	-0.560	-0.229	-0.250	-0.325	
-0.459	-1.105	9.605	1.470	-0.980	-0.140	-0.238	-0.252	-0.327	
-0.596	-1.120	9.461	1.540	-0.980	-0.560	-0.232	-0.256	-0.332	
-0.610	-1.027	9.504	1.750	-1.190	-0.770	-0.232	-0.250	-0.328	
-0.589	-1.062	9.526	1.540	-1.050	-0.770	-0.238	-0.249	-0.330	
-0.589	-1.141	9.641	2.030	-1.050	-0.420	-0.227	-0.247	-0.333	
-0.531	-1.120	9.490	1.750	-0.980	-0.420	-0.232	-0.251	-0.332	
-0.567	-1.077	9.533	1.540	-0.700	-0.560	-0.238	-0.247	-0.324	
-0.653	-1.120	9.555	1.680	-0.840	-0.350	-0.233	-0.252	-0.326	
-0.553	-1.091	9.540	1.750	-1.050	-0.700	-0.229	-0.254	-0.322	
-0.531	-1.084	9.598	1.680	-0.910	-0.700	-0.231	-0.261	-0.337	
-0.696	-1.055	9.590	1.540	-1.260	-0.350	-0.222	-0.254	-0.325	
TOOK DATA
STEPPING
-0.617	-1.120	9.533	1.470	-0.700	-0.840	-0.154	-0.180	-0.657	
-0.625	-1.091	9.583	1.540	-1.050	-0.420	-0.140	-0.179	-0.648	
-0.610	-1.149	9.490	1.610	-0.980	-0.630	-0.152	-0.181	-0.648	
-0.625	-1.105	9.440	1.610	-0.980	-0.140	-0.153	-0.171	-0.650	
-0.653	-1.184	9.684	1.610	-0.910	-0.770	-0.139	-0.177	-0.664	
-0.581	-1.120	9.569	1.680	-0.980	-0.700	-0.151	-0.177	-0.654	
-0.682	-1.105	9.555	1.470	-0.910	-0.770	-0.148	-0.172	-0.658	
-0.646	-1.091	9.626	1.470	-1.120	-0.560	-0.145	-0.181	-0.653	
-0.589	-1.105	9.562	1.540	-1.050	-0.700	-0.150	-0.177	-0.659	
-0.617	-1.070	9.519	1.960	-1.120	-0.280	-0.152	-0.182	-0.656	
-0.675	-1.062	9.691	1.750	-0.840	-0.420	-0.148	-0.179	-0.663	
-0.689	-1.120	9.562	1.680	-0.840	-0.630	-0.148	-0.177	-0.660	
-0.589	-1.105	9.605	1.680	-1.120	-0.350	-0.147	-0.177	-0.659	
-0.603	-1.113	9.634	1.330	-0.910	-0.490	-0.157	-0.189	-0.655	
-0.711	-1.070	9.590	1.750	-1.190	-0.700	-0.152	-0.182	-0.666	
-0.617	-1.113	9.619	1.750	-0.840	-0.700	-0.154	-0.174	-0.665	
-0.660	-1.120	9.555	1.540	-1.260	-0.350	-0.147	-0.182	-0.659	
-0.653	-1.127	9.562	1.890	-1.260	-0.630	-0.149	-0.183	-0.672	
-0.625	-1.141	9.662	1.470	-1.120	-0.560	-0.144	-0.180	-0.659	
-0.660	-1.113	9.547	1.610	-0.700	-0.350	-0.147	-0.177	-0.658	
-0.596	-1.034	9.727	1.610	-1.120	-0.560	-0.146	-0.174	-0.664	
-0.646	-1.098	9.533	1.470	-0.910	-0.840	-0.147	-0.165	-0.640	
-0.574	-1.048	9.619	1.680	-0.770	-0.700	-0.147	-0.176	-0.647	
-0.625	-1.105	9.641	1.540	-1.190	-0.560	-0.141	-0.177	-0.655	
-0.653	-1.070	9.619	1.680	-0.700	-0.770	-0.145	-0.174	-0.663	
-0.660	-1.141	9.504	1.750	-0.840	-0.560	-0.148	-0.176	-0.661	
-0.682	-1.220	9.626	1.680	-1.050	-0.420	-0.150	-0.179	-0.647	
-0.603	-1.134	9.598	1.680	-1.050	-0.700	-0.154	-0.173	-0.655	
-0.617	-1.141	9.641	1.120	-1.260	-0.700	-0.149	-0.179	-0.660	
-0.596	-1.084	9.483	2.030	-0.910	-0.280	-0.145	-0.175	-0.651	
TOOK DATA
STEPPING
-0.603	-1.070	9.540	1.330	-1.050	-0.420	-0.216	-0.132	0.172	
-0.696	-1.127	9.655	1.750	-1.050	-0.560	-0.204	-0.127	0.191	
-0.639	-1.041	9.612	1.540	-1.050	-0.840	-0.200	-0.136	0.180	
-0.668	-1.170	9.547	1.400	-1.050	-0.560	-0.206	-0.133	0.186	
-0.689	-1.113	9.547	1.680	-0.840	-0.630	-0.206	-0.129	0.173	
-0.660	-1.199	9.641	1.680	-1.120	-0.490	-0.201	-0.131	0.191	
-0.703	-1.048	9.598	1.680	-0.840	-0.420	-0.208	-0.128	0.187	
-0.682	-1.012	9.533	1.470	-1.190	-0.700	-0.199	-0.131	0.194	
-0.668	-1.134	9.562	1.680	-0.910	-0.560	-0.203	-0.130	0.195	
-0.682	-1.127	9.605	1.400	-0.980	-0.630	-0.202	-0.124	0.178	
-0.632	-1.127	9.519	1.680	-0.840	-0.350	-0.205	-0.127	0.183	
-0.711	-1.077	9.461	1.890	-0.840	-0.350	-0.211	-0.126	0.185	
-0.639	-1.091	9.555	1.540	-1.330	-0.560	-0.203	-0.124	0.190	
-0.632	-1.127	9.583	1.680	-0.840	-0.560	-0.210	-0.135	0.187	
-0.589	-1.113	9.569	1.610	-0.980	-0.350	-0.199	-0.128	0.192	
-0.625	-1.048	9.511	1.680	-0.700	-0.560	-0.204	-0.133	0.190	
-0.732	-1.055	9.533	1.680	-0.910	-0.490	-0.213	-0.130	0.188	
-0.660	-1.027	9.533	1.610	-0.630	-0.490	-0.208	-0.127	0.185	
-0.653	-1.027	9.519	1.820	-1.050	-0.350	-0.204	-0.126	0.183	
-0.639	-1.127	9.619	1.750	-1.400	-0.560	-0.208	-0.136	0.190	
-0.632	-1.084	9.598	1.680	-0.980	-0.350	-0.209	-0.126	0.179	
-0.675	-1.084	9.526	1.610	-1.120	-0.490	-0.210	-0.127	0.181	
-0.696	-1.134	9.605	1.470	-1.260	-0.560	-0.204	-0.129	0.186	
-0.589	-1.105	9.612	1.750	-1.120	-0.560	-0.210	-0.132	0.180	
-0.632	-1.091	9.590	2.100	-0.980	-0.700	-0.209	-0.127	0.184	
-0.675	-1.084	9.605	1.470	-1.050	-0.770	-0.215	-0.127	0.183	
-0.747	-1.098	9.598	1.820	-0.840	-0.700	-0.209	-0.129	0.189	
-0.625	-1.034	9.648	1.820	-0.980	-0.560	-0.198	-0.132	0.188	
-0.703	-1.077	9.590	1.610	-0.700	-0.980	-0.213	-0.130	0.191	
-0.617	-1.005	9.511	1.960	-1.260	-0.700	-0.215	-0.132	0.186	
TOOK DATA
STEPPING
-0.797	-1.098	9.511	1.610	-1.050	-0.490	-0.380	-0.170	2.070	
-0.747	-1.113	9.583	1.400	-1.190	-0.630	-0.384	-0.163	2.074	
-0.761	-1.127	9.562	1.750	-1.120	-0.840	-0.379	-0.173	2.071	
-0.761	-1.113	9.612	1.260	-1.190	-0.560	-0.376	-0.164	2.080	
-0.639	-1.120	9.511	1.750	-1.190	-0.560	-0.389	-0.167	2.075	
-0.718	-1.041	9.626	1.540	-0.910	-0.630	-0.389	-0.164	2.071	
-0.804	-1.134	9.555	1.330	-1.330	-0.280	-0.386	-0.170	2.077	
-0.747	-1.084	9.598	1.540	-1.050	-0.350	-0.382	-0.163	2.079	
-0.739	-1.091	9.569	1.610	-1.050	-0.420	-0.382	-0.167	2.076	
-0.782	-1.098	9.662	1.400	-0.980	-0.350	-0.385	-0.168	2.064	
-0.761	-1.156	9.655	1.400	-0.910	-0.490	-0.382	-0.168	2.076	
-0.811	-1.170	9.698	1.470	-0.840	-0.700	-0.381	-0.165	2.072	
-0.754	-1.184	9.562	1.820	-1.120	-0.420	-0.380	-0.165	2.075	
-0.725	-1.127	9.576	1.750	-1.400	-0.280	-0.376	-0.172	2.073	
-0.775	-1.149	9.641	1.330	-1.190	-0.700	-0.385	-0.172	2.081	
-0.718	-1.163	9.605	1.820	-0.910	-0.770	-0.381	-0.159	2.080	
-0.775	-1.192	9.583	1.890	-1.190	-0.560	-0.383	-0.169	2.073	
-0.747	-1.163	9.590	1.400	-1.050	-0.560	-0.382	-0.168	2.079	
-0.725	-1.077	9.540	1.470	-0.910	-0.560	-0.382	-0.167	2.070	
-0.718	-1.141	9.605	1.400	-0.770	-0.700	-0.379	-0.169	2.072	
-0.811	-1.199	9.748	1.330	-0.980	-0.420	-0.385	-0.164	2.064	
-0.682	-1.163	9.583	1.680	-0.840	-0.490	-0.380	-0.158	2.059	
-0.747	-1.055	9.547	1.470	-1.120	-0.350	-0.389	-0.164	2.065	
-0.646	-1.091	9.519	1.750	-0.630	-0.210	-0.376	-0.167	2.060	
-0.782	-1.055	9.605	1.610	-1.260	-0.770	-0.378	-0.162	2.063	
-0.711	-1.220	9.641	1.400	-1.190	-0.700	-0.381	-0.165	2.075	
-0.739	-1.120	9.519	1.820	-0.980	-0.630	-0.386	-0.165	2.065	
-0.790	-1.055	9.526	1.680	-1.050	-0.350	-0.386	-0.166	2.067	
-0.768	-1.077	9.547	1.610	-1.330	-0.700	-0.384	-0.165	2.055	
-0.768	-1.091	9.641	1.680	-0.910	-0.490	-0.384	-0.165	2.074	
TOOK DATA
STEPPING
-0.804	-1.170	9.533	1.750	-0.700	-0.560	-0.485	-0.241	2.816	
-0.790	-1.141	9.519	1.470	-1.050	-0.350	-0.488	-0.237	2.812	
-0.739	-1.105	9.526	1.680	-0.980	-0.350	-0.493	-0.240	2.804	
-0.847	-1.113	9.511	1.470	-0.700	-0.350	-0.486	-0.243	2.797	
-0.826	-1.062	9.634	1.400	-1.260	-0.350	-0.485	-0.238	2.797	
-0.861	-1.041	9.540	1.890	-0.980	-0.280	-0.481	-0.243	2.797	
-0.883	-1.120	9.576	1.540	-0.910	-0.350	-0.486	-0.240	2.804	
-0.869	-1.177	9.483	1.610	-1.330	-0.700	-0.487	-0.243	2.813	
-0.754	-1.091	9.526	1.610	-1.050	-0.420	-0.482	-0.243	2.799	
-0.826	-1.062	9.576	1.470	-1.190	-0.560	-0.490	-0.240	2.793	
-0.847	-1.134	9.562	1.820	-0.700	-0.350	-0.490	-0.241	2.803	
-0.782	-1.091	9.626	1.820	-1.190	-0.490	-0.492	-0.233	2.804	
-0.790	-1.113	9.634	1.820	-0.980	-0.630	-0.485	-0.242	2.808	
-0.818	-1.048	9.533	1.750	-0.910	-0.280	-0.487	-0.236	2.805	
-0.747	-1.170	9.569	1.820	-0.840	-0.420	-0.486	-0.237	2.792	
-0.775	-1.091	9.634	1.820	-1.120	-0.630	-0.481	-0.231	2.794	
-0.826	-1.163	9.533	1.540	-1.540	-0.490	-0.488	-0.239	2.804	
-0.782	-1.127	9.540	1.400	-0.910	-0.420	-0.495	-0.236	2.808	
-0.790	-1.120	9.598	1.610	-0.980	-0.630	-0.485	-0.240	2.797	
-0.854	-1.134	9.641	1.400	-1.190	-0.700	-0.478	-0.240	2.805	
-0.790	-1.113	9.483	1.820	-0.840	-0.770	-0.481	-0.245	2.803	
-0.811	-1.048	9.626	1.680	-1.190	-0.490	-0.483	-0.242	2.805	
-0.854	-1.084	9.533	1.330	-0.560	-0.560	-0.487	-0.231	2.813	
-0.804	-1.127	9.555	1.750	-0.840	-0.350	-0.484	-0.241	2.794	
-0.797	-1.170	9.583	1.400	-1.190	-0.280	-0.478	-0.241	2.813	
-0.761	-1.105	9.590	1.750	-1.260	-0.420	-0.484	-0.235	2.803	
-0.768	-1.105	9.504	1.820	-1.190	-0.350	-0.476	-0.231	2.804	
-0.818	-1.098	9.540	1.400	-0.980	-0.560	-0.479	-0.238	2.809	
-0.869	-1.019	9.504	1.680	-1.050	-0.420	-0.489	-0.241	2.808	
-0.854	-1.141	9.612	1.680	-1.050	-0.630	-0.483	-0.236	2.801	
TOOK DATA
STEPPING
-0.861	-1.120	9.540	1.400	-0.980	-0.490	-0.413	-0.318	1.994	
-0.804	-1.019	9.698	1.680	-0.770	-0.420	-0.408	-0.314	1.993	
-0.768	-1.084	9.648	1.470	-0.980	-0.490	-0.406	-0.313	2.001	
-0.711	-1.184	9.634	1.960	-0.980	-0.350	-0.410	-0.317	1.995	
-0.790	-1.141	9.569	1.820	-0.840	-0.560	-0.398	-0.317	2.002	
-0.861	-1.306	9.483	1.610	-1.050	-0.490	-0.406	-0.308	1.995	
-0.854	-1.098	9.497	1.400	-1.190	-0.630	-0.404	-0.315	1.996	
-0.833	-1.070	9.612	1.330	-1.050	-0.210	-0.402	-0.303	1.989	
-0.847	-1.113	9.533	1.610	-0.980	-0.840	-0.412	-0.313	1.997	
-0.826	-1.098	9.598	1.540	-1.120	-0.700	-0.411	-0.307	1.998	
-0.919	-1.027	9.519	1.680	-0.910	-0.700	-0.407	-0.314	1.991	
-0.797	-1.134	9.504	1.610	-0.980	-0.560	-0.405	-0.313	2.000	
-0.854	-1.062	9.569	1.540	-1.260	-0.910	-0.404	-0.320	1.991	
-0.811	-1.041	9.813	1.470	-0.840	-0.770	-0.408	-0.313	1.985	
-0.991	-1.084	9.583	1.540	-0.980	-0.420	-0.412	-0.308	1.978	
-0.782	-1.084	9.583	1.470	-1.120	-0.560	-0.403	-0.305	1.985	
-0.912	-1.113	9.634	1.540	-1.190	-0.420	-0.410	-0.312	1.989	
-0.854	-1.113	9.547	1.610	-0.840	-0.700	-0.406	-0.313	1.992	
-0.869	-1.120	9.641	1.750	-1.190	-0.630	-0.405	-0.317	1.983	
-0.840	-1.098	9.612	1.470	-0.840	-0.560	-0.404	-0.312	1.997	
-0.897	-1.105	9.562	1.750	-1.050	-0.490	-0.404	-0.311	1.990	
-0.840	-1.120	9.533	1.330	-0.700	-0.560	-0.406	-0.308	2.001	
-0.869	-1.098	9.555	1.540	-1.050	-0.700	-0.416	-0.317	1.984	
-0.833	-1.206	9.533	1.540	-0.700	-0.560	-0.415	-0.316	1.998	
-0.912	-1.048	9.476	1.820	-1.120	-0.210	-0.407	-0.307	1.983	
-0.847	-1.077	9.569	1.680	-0.910	-0.420	-0.413	-0.306	1.985	
-0.876	-1.077	9.583	1.400	-1.190	-0.350	-0.408	-0.320	1.985	
-0.854	-1.034	9.483	1.820	-1.190	-0.280	-0.404	-0.319	1.990	
-0.840	-1.149	9.540	1.680	-1.260	-0.700	-0.405	-0.316	1.987	
-0.790	-1.105	9.555	1.750	-0.980	-0.700	-0.411	-0.315	1.988	
TOOK DATA
STEPPING
-1.019	-1.113	9.540	1.820	-1.540	-0.350	-0.251	-0.306	0.400	
-0.940	-1.120	9.590	2.030	-1.190	-0.490	-0.250	-0.305	0.397	
-0.926	-1.177	9.598	1.470	-0.980	-0.560	-0.245	-0.305	0.396	
-1.005	-1.041	9.569	1.610	-0.910	-0.140	-0.250	-0.297	0.393	
-0.955	-1.055	9.569	1.890	-0.980	-0.560	-0.245	-0.300	0.397	
-0.904	-1.098	9.583	1.680	-0.910	-0.210	-0.247	-0.306	0.401	
-0.919	-1.034	9.476	1.540	-1.050	-0.350	-0.247	-0.303	0.390	
-0.926	-1.113	9.555	1.470	-0.770	-0.280	-0.248	-0.298	0.386	
-0.904	-1.041	9.562	1.680	-0.910	-0.560	-0.252	-0.302	0.390	
-0.976	-1.070	9.483	1.260	-1.050	-0.490	-0.245	-0.305	0.393	
-0.933	-1.070	9.440	1.400	-0.840	-0.420	-0.239	-0.308	0.396	
-1.005	-1.062	9.540	1.540	-1.260	-0.350	-0.245	-0.308	0.402	
-0.904	-1.149	9.619	1.680	-1.190	-0.490	-0.250	-0.302	0.400	
-0.883	-1.098	9.533	1.680	-1.330	-0.210	-0.248	-0.303	0.395	
-0.969	-1.105	9.526	1.470	-1.050	-0.350	-0.250	-0.306	0.396	
-0.926	-1.012	9.583	1.400	-0.910	-0.560	-0.246	-0.306	0.385	
-1.048	-1.070	9.569	1.400	-0.770	-0.770	-0.249	-0.302	0.395	
-0.940	-1.149	9.634	1.470	-0.910	-0.420	-0.250	-0.299	0.392	
-0.962	-1.091	9.547	1.960	-1.050	-0.560	-0.251	-0.305	0.389	
-0.904	-1.070	9.547	1.680	-0.840	-0.560	-0.250	-0.303	0.386	
-0.948	-1.113	9.590	1.960	-0.980	-0.490	-0.245	-0.302	0.400	
-0.962	-1.041	9.490	1.960	-1.050	-0.490	-0.243	-0.308	0.390	
-0.948	-1.077	9.519	1.610	-0.770	-0.630	-0.248	-0.298	0.383	
-0.983	-0.969	9.483	1.750	-1.120	-0.490	-0.245	-0.301	0.398	
-0.969	-1.084	9.540	1.470	-1.260	-0.490	-0.251	-0.292	0.392	
-1.027	-1.062	9.598	1.540	-0.980	-0.420	-0.246	-0.294	0.393	
-0.869	-1.005	9.619	1.960	-0.910	-0.420	-0.255	-0.299	0.385	
-0.840	-1.127	9.569	1.330	-1.050	-0.280	-0.250	-0.299	0.390	
-0.869	-1.120	9.576	1.750	-0.770	-0.070	-0.248	-0.296	0.389	
-1.019	-1.041	9.511	1.400	-1.120	-0.420	-0.246	-0.300	0.406	
TOOK DATA
STEPPING
-1.098	-1.105	9.590	1.820	-1.050	-0.560	-0.125	-0.223	-0.693	
-1.055	-1.005	9.555	1.610	-0.840	0.000	-0.128	-0.221	-0.688	
-1.019	-1.005	9.547	1.680	-0.980	-0.350	-0.125	-0.218	-0.680	
-1.048	-1.034	9.447	1.610	-0.770	-0.840	-0.127	-0.220	-0.700	
-1.113	-0.969	9.605	1.470	-0.910	-0.420	-0.127	-0.228	-0.683	
-1.084	-1.070	9.504	1.820	-1.260	-0.700	-0.124	-0.222	-0.691	
-0.998	-1.048	9.490	1.680	-0.910	-0.420	-0.130	-0.225	-0.694	
-1.048	-1.005	9.634	1.820	-0.840	-0.280	-0.124	-0.215	-0.685	
-1.027	-1.062	9.605	1.610	-1.050	-0.210	-0.127	-0.222	-0.688	
-0.976	-1.062	9.433	1.470	-0.700	-0.350	-0.126	-0.217	-0.693	
-0.991	-1.062	9.562	1.750	-1.050	-0.280	-0.130	-0.215	-0.675	
-1.048	-1.041	9.511	1.750	-1.120	0.000	-0.129	-0.220	-0.678	
-0.998	-1.077	9.569	1.890	-0.980	-0.560	-0.124	-0.223	-0.688	
-0.976	-1.027	9.547	1.610	-1.190	-0.560	-0.120	-0.222	-0.677	
-1.019	-1.077	9.648	1.610	-0.770	-0.560	-0.130	-0.228	-0.688	
-0.998	-1.062	9.526	1.960	-0.840	-0.560	-0.123	-0.223	-0.684	
-1.091	-1.070	9.476	1.610	-0.910	-0.420	-0.120	-0.226	-0.678	
-1.055	-1.062	9.483	1.680	-1.050	-0.560	-0.130	-0.223	-0.690	
-0.998	-1.149	9.583	1.680	-0.910	-0.490	-0.124	-0.231	-0.692	
-1.055	-1.091	9.468	1.610	-0.910	-0.210	-0.122	-0.222	-0.692	
-0.890	-1.034	9.598	1.540	-1.260	-0.420	-0.124	-0.224	-0.678	
-1.012	-1.170	9.655	1.750	-0.910	-0.490	-0.125	-0.217	-0.672	
-1.005	-1.055	9.590	1.330	-1.120	-0.490	-0.114	-0.221	-0.694	
-1.070	-1.019	9.555	1.470	-0.910	-0.420	-0.124	-0.225	-0.685	
-0.998	-1.027	9.447	1.820	-1.260	-0.350	-0.124	-0.225	-0.682	
-1.055	-1.127	9.555	1.470	-0.980	-0.490	-0.127	-0.229	-0.686	
-0.976	-1.098	9.619	1.680	-1.050	-0.210	-0.128	-0.224	-0.684	
-1.091	-1.070	9.547	1.610	-1.120	-0.490	-0.130	-0.223	-0.688	
-1.062	-1.062	9.619	1.540	-0.840	-0.210	-0.124	-0.221	-0.692	
-1.005	-1.077	9.612	1.400	-0.910	-0.350	-0.133	-0.225	-0.705	
TOOK DATA
STEPPING
-1.019	-1.041	9.555	1.820	-1.120	-0.910	-0.168	-0.149	-0.146	
-1.184	-1.027	9.490	1.680	-1.330	-0.280	-0.165	-0.156	-0.141	
-1.034	-0.969	9.454	1.680	-1.050	-0.490	-0.166	-0.155	-0.151	
-1.077	-1.055	9.519	1.750	-0.980	-0.630	-0.175	-0.154	-0.131	
-1.220	-1.048	9.612	1.330	-1.190	-0.700	-0.170	-0.152	-0.151	
-1.120	-1.048	9.468	1.890	-0.420	-0.490	-0.166	-0.138	-0.134	
-1.012	-1.077	9.634	1.470	-1.190	-0.560	-0.173	-0.150	-0.136	
-1.062	-1.055	9.612	1.540	-0.980	-0.770	-0.175	-0.152	-0.141	
-0.955	-1.041	9.504	1.610	-0.980	-0.280	-0.163	-0.147	-0.142	
-1.055	-0.919	9.634	1.820	-1.260	-0.490	-0.172	-0.149	-0.140	
-1.034	-0.919	9.684	1.400	-1.190	-0.420	-0.175	-0.150	-0.135	
-1.041	-1.070	9.476	1.750	-0.560	-0.280	-0.170	-0.151	-0.153	
-1.062	-1.070	9.569	1.470	-0.910	-0.210	-0.173	-0.152	-0.139	
-1.113	-0.998	9.476	1.680	-0.980	-0.420	-0.165	-0.149	-0.137	
-1.034	-1.055	9.583	1.400	-1.050	-0.490	-0.168	-0.142	-0.140	
-1.149	-1.012	9.511	1.540	-0.840	-0.770	-0.172	-0.152	-0.132	
-1.041	-1.034	9.519	1.610	-0.980	-0.420	-0.172	-0.154	-0.146	
-1.012	-0.962	9.519	1.820	-1.120	-0.630	-0.163	-0.154	-0.135	
-1.149	-1.077	9.555	2.100	-0.770	-0.560	-0.165	-0.154	-0.145	
-1.156	-1.034	9.583	1.470	-0.840	-0.140	-0.167	-0.150	-0.140	
-1.098	-1.005	9.461	1.470	-1.050	-0.630	-0.172	-0.151	-0.137	
-1.070	-1.027	9.490	1.750	-0.910	-0.070	-0.166	-0.157	-0.143	
-1.141	-1.062	9.526	1.540	-1.050	-0.490	-0.162	-0.151	-0.143	
-1.077	-1.027	9.490	1.680	-0.980	-0.560	-0.178	-0.150	-0.137	
-1.098	-1.098	9.540	1.330	-0.980	-0.420	-0.173	-0.153	-0.146	
-1.077	-0.955	9.576	1.540	-1.120	-0.770	-0.159	-0.153	-0.140	
-1.163	-0.869	10.136	2.240	-1.190	-0.070	-0.170	-0.152	-0.141	
-1.070	-1.077	9.598	1.400	-1.190	-0.700	-0.170	-0.149	-0.141	
-1.027	-1.091	9.511	1.680	-1.190	-0.490	-0.168	-0.156	-0.145	
-1.070	-1.005	9.590	1.400	-0.980	-0.140	-0.172	-0.147	-0.145	
TOOK DATA
STEPPING
-1.091	-0.991	9.519	1.330	-0.630	-0.280	-0.316	-0.122	1.282	
-1.213	-0.869	9.612	1.330	-1.260	-0.490	-0.324	-0.122	1.280	
-1.256	-1.019	9.497	1.680	-1.190	-0.560	-0.322	-0.128	1.291	
-1.242	-0.948	9.526	1.470	-1.190	-0.210	-0.320	-0.127	1.292	
-1.213	-0.904	9.490	1.330	-0.630	-0.560	-0.329	-0.122	1.304	
-1.220	-0.940	9.497	1.400	-0.980	-0.210	-0.322	-0.120	1.303	
-1.249	-0.955	9.547	1.680	-0.980	-0.560	-0.319	-0.122	1.294	
-1.213	-0.991	9.504	1.470	-1.050	-0.350	-0.322	-0.126	1.299	
-1.199	-1.012	9.447	1.610	-0.630	-0.420	-0.326	-0.113	1.293	
-1.263	-1.012	9.569	1.680	-1.120	-0.420	-0.319	-0.120	1.311	
-1.199	-0.976	9.504	1.750	-0.840	-0.350	-0.324	-0.121	1.298	
-1.192	-0.919	9.569	1.680	-0.700	-0.210	-0.323	-0.120	1.292	
-1.271	-1.041	9.490	1.470	-0.840	-0.350	-0.318	-0.119	1.282	
-1.285	-0.890	9.433	1.400	-0.980	-0.560	-0.326	-0.126	1.299	
-1.177	-0.969	9.540	1.400	-0.980	-0.630	-0.323	-0.123	1.305	
-1.256	-1.062	9.547	1.610	-0.700	-0.350	-0.327	-0.120	1.280	
-1.184	-1.041	9.440	1.820	-0.980	-0.420	-0.327	-0.123	1.295	
-1.192	-1.005	9.490	1.750	-1.120	-0.140	-0.323	-0.126	1.301	
-1.134	-0.955	9.511	1.890	-1.190	-0.070	-0.320	-0.125	1.289	
-1.170	-0.969	9.605	1.540	-0.910	-0.280	-0.320	-0.119	1.292	
-1.249	-0.983	9.547	1.470	-0.910	-0.350	-0.322	-0.121	1.306	
-1.199	-0.933	9.497	1.750	-1.050	-0.140	-0.323	-0.122	1.304	
-1.098	-0.940	9.519	1.750	-0.980	-0.280	-0.323	-0.118	1.299	
-1.199	-0.919	9.555	1.960	-0.840	-0.630	-0.321	-0.115	1.305	
-1.098	-0.976	9.562	1.680	-1.120	-0.350	-0.319	-0.121	1.299	
-1.163	-0.933	9.569	1.750	-0.700	-0.420	-0.319	-0.116	1.302	
-1.228	-0.998	9.504	1.960	-0.980	-0.560	-0.313	-0.123	1.297	
-1.235	-0.926	9.569	1.750	-1.050	-0.280	-0.319	-0.118	1.292	
-1.156	-1.027	9.583	1.330	-0.770	-0.560	-0.316	-0.124	1.284	
-1.199	-0.955	9.547	1.610	-0.980	-0.420	-0.326	-0.116	1.305	
TOOK DATA
STEPPING
-1.206	-0.948	9.569	1.400	-1.050	-0.350	-0.485	-0.202	2.773	
-1.271	-0.976	9.569	1.890	-1.050	-0.210	-0.484	-0.203	2.772	
-1.306	-0.962	9.555	1.540	-0.980	-0.280	-0.484	-0.199	2.760	
-1.278	-0.948	9.433	1.470	-0.840	-0.350	-0.482	-0.209	2.781	
-1.263	-0.955	9.547	1.540	-0.840	-0.490	-0.473	-0.208	2.771	
-1.242	-0.940	9.504	1.960	-0.910	-0.560	-0.486	-0.196	2.774	
-1.299	-0.976	9.511	1.470	-0.840	-0.490	-0.477	-0.204	2.776	
-1.242	-1.012	9.504	1.680	-0.560	-0.350	-0.485	-0.205	2.762	
-1.192	-1.041	9.540	1.750	-0.980	0.070	-0.485	-0.202	2.773	
-1.299	-0.969	9.605	1.400	-1.120	-0.700	-0.482	-0.202	2.768	
-1.242	-1.070	9.562	1.890	-0.700	-0.560	-0.478	-0.199	2.768	
-1.213	-1.027	9.540	1.610	-0.770	-0.140	-0.482	-0.203	2.778	
-1.278	-0.933	9.562	1.960	-0.980	-0.070	-0.473	-0.203	2.759	
-1.249	-0.998	9.555	1.540	-0.840	-0.700	-0.480	-0.202	2.781	
-1.206	-0.991	9.576	1.890	-1.260	-0.700	-0.483	-0.203	2.774	
-1.235	-0.983	9.619	1.470	-0.700	-0.770	-0.480	-0.206	2.764	
-1.271	-1.034	9.526	1.820	-1.050	-0.560	-0.477	-0.199	2.768	
-1.192	-0.955	9.504	1.470	-0.980	-0.490	-0.484	-0.206	2.764	
-1.249	-0.976	9.497	1.750	-1.190	-0.560	-0.486	-0.206	2.770	
-1.249	-0.948	9.461	1.610	-0.630	-0.350	-0.479	-0.208	2.766	
-1.285	-0.948	9.547	1.610	-1.120	-0.490	-0.486	-0.201	2.761	
-1.292	-0.998	9.555	1.610	-0.910	-0.420	-0.485	-0.202	2.778	
-1.220	-0.991	9.562	1.470	-1.050	-0.280	-0.477	-0.202	2.768	
-1.220	-1.027	9.497	1.750	-0.840	-0.420	-0.477	-0.208	2.764	
-1.249	-0.940	9.547	1.820	-1.190	-0.350	-0.486	-0.203	2.769	
-1.177	-0.883	9.425	1.400	-1.120	-0.630	-0.485	-0.210	2.771	
-1.213	-0.869	9.526	1.260	-1.050	-0.140	-0.480	-0.203	2.769	
-1.177	-0.904	9.490	1.540	-1.050	-0.490	-0.483	-0.205	2.763	
-1.177	-0.811	9.526	1.820	-1.190	-0.350	-0.477	-0.205	2.775	
-1.134	-0.926	9.519	1.890	-0.770	-0.490	-0.477	-0.209	2.761	
TOOK DATA
STEPPING
-1.220	-0.948	9.526	1.330	-0.910	-0.350	-0.417	-0.267	2.445	
-1.342	-0.933	9.598	1.750	-0.910	-0.490	-0.424	-0.259	2.455	
-1.371	-0.933	9.576	1.540	-1.330	-0.350	-0.428	-0.259	2.458	
-1.407	-0.926	9.533	1.820	-1.190	-0.350	-0.432	-0.274	2.459	
-1.256	-0.861	9.483	1.750	-0.910	-0.490	-0.427	-0.268	2.454	
-1.292	-0.869	9.555	1.890	-0.910	-0.560	-0.424	-0.266	2.453	
-1.350	-0.933	9.511	1.610	-1.260	-0.350	-0.423	-0.263	2.451	
-1.429	-0.883	9.540	1.750	-1.050	-0.700	-0.431	-0.263	2.466	
-1.271	-0.926	9.526	1.610	-0.910	-0.210	-0.426	-0.267	2.449	
-1.314	-0.912	9.468	1.610	-0.770	-0.630	-0.425	-0.260	2.463	
-1.306	-0.890	9.519	1.680	-1.050	-0.350	-0.431	-0.263	2.446	
-1.357	-0.926	9.497	1.820	-1.050	-0.490	-0.425	-0.269	2.458	
-1.328	-0.955	9.576	1.470	-0.840	-0.560	-0.427	-0.271	2.453	
-1.242	-0.861	9.648	1.610	-1.050	-0.140	-0.426	-0.269	2.451	
-1.299	-0.890	9.619	1.540	-1.050	-0.490	-0.428	-0.260	2.454	
-1.350	-0.869	9.519	1.680	-0.700	-0.140	-0.427	-0.264	2.460	
-1.299	-0.804	9.576	1.610	-0.980	-0.420	-0.424	-0.269	2.465	
-1.371	-0.912	9.490	1.750	-0.700	-0.630	-0.421	-0.255	2.463	
-1.335	-0.876	9.511	1.470	-1.050	-0.350	-0.417	-0.271	2.461	
-1.371	-0.847	9.454	1.470	-1.050	-0.490	-0.431	-0.272	2.443	
-1.350	-0.869	9.562	1.610	-1.120	-0.490	-0.431	-0.262	2.462	
-1.242	-0.940	9.447	1.540	-1.120	-0.420	-0.433	-0.268	2.468	
-1.299	-0.883	9.490	1.750	-1.260	-0.350	-0.426	-0.262	2.450	
-1.385	-0.847	9.533	1.540	-0.910	-0.420	-0.434	-0.260	2.443	
-1.385	-0.883	9.454	1.610	-1.260	-0.350	-0.428	-0.268	2.448	
-1.350	-0.883	9.562	1.400	-1.190	-0.490	-0.437	-0.266	2.450	
-1.314	-0.969	9.519	1.820	-1.260	-0.350	-0.427	-0.270	2.454	
-1.400	-0.890	9.555	2.030	-0.840	-0.140	-0.437	-0.271	2.450	
-1.350	-0.940	9.562	1.680	-0.910	-0.210	-0.427	-0.261	2.455	
-1.364	-0.919	9.519	1.820	-0.700	-0.350	-0.431	-0.269	2.454	
TOOK DATA
STEPPING
-1.299	-0.847	9.540	1.540	-1.330	-0.210	-0.240	-0.294	1.204	
-1.450	-0.833	9.468	1.960	-1.190	-0.350	-0.237	-0.289	1.202	
-1.393	-0.732	9.533	1.260	-0.980	-0.210	-0.240	-0.294	1.205	
-1.328	-0.912	9.648	1.400	-1.190	-0.420	-0.245	-0.289	1.201	
-1.328	-0.840	9.504	1.470	-1.050	-0.350	-0.242	-0.288	1.206	
-1.378	-0.768	9.569	1.750	-0.770	-0.140	-0.242	-0.284	1.199	
-1.342	-0.883	9.504	1.680	-0.840	-0.420	-0.240	-0.286	1.219	
-1.350	-0.869	9.547	1.820	-0.980	-0.420	-0.239	-0.284	1.205	
-1.350	-0.883	9.476	1.400	-1.400	-0.490	-0.233	-0.288	1.216	
-1.350	-0.775	9.547	1.960	-1.190	-0.560	-0.243	-0.284	1.192	
-1.407	-0.869	9.634	1.680	-0.840	-0.280	-0.244	-0.284	1.201	
-1.385	-0.840	9.519	1.890	-0.980	-0.210	-0.237	-0.283	1.209	
-1.393	-0.869	9.641	1.680	-0.910	-0.490	-0.243	-0.292	1.192	
-1.407	-0.747	9.483	1.750	-0.770	-0.350	-0.242	-0.284	1.201	
-1.436	-0.854	9.519	1.400	-0.770	-0.280	-0.245	-0.291	1.206	
-1.364	-0.876	9.569	1.610	-0.700	-0.350	-0.247	-0.287	1.201	
-1.314	-0.804	9.490	1.750	-1.050	-0.350	-0.246	-0.292	1.207	
-1.414	-0.861	9.382	1.470	-0.700	-0.700	-0.239	-0.287	1.200	
-1.364	-0.775	9.404	1.610	-0.700	-0.840	-0.240	-0.280	1.202	
-1.385	-0.861	9.555	1.470	-1.050	-0.630	-0.233	-0.285	1.195	
-1.357	-0.840	9.619	1.470	-0.910	-0.700	-0.246	-0.284	1.212	
-1.378	-0.890	9.519	1.470	-0.980	-0.560	-0.233	-0.291	1.211	
-1.472	-0.869	9.504	1.540	-0.630	-0.420	-0.243	-0.281	1.211	
-1.378	-0.790	9.526	1.820	-1.050	-0.490	-0.243	-0.288	1.204	
-1.306	-0.926	9.526	1.610	-0.910	-0.210	-0.248	-0.284	1.208	
-1.400	-0.897	9.605	1.820	-0.700	-0.350	-0.247	-0.287	1.211	
-1.342	-0.883	9.504	1.610	-1.190	-0.350	-0.246	-0.285	1.207	
-1.364	-0.904	9.519	1.820	-1.120	-0.420	-0.247	-0.288	1.209	
-1.357	-0.833	9.813	1.610	-0.770	-0.490	-0.250	-0.291	1.194	
-1.256	-0.804	9.418	1.820	-0.770	-0.210	-0.241	-0.276	1.210	
TOOK DATA
STEPPING
-1.479	-0.861	9.519	1.470	-0.770	-0.350	-0.079	-0.210	-0.608	
-1.436	-0.761	9.433	1.610	-0.980	-0.700	-0.084	-0.199	-0.609	
-1.429	-0.782	9.576	1.610	-1.050	-0.210	-0.081	-0.206	-0.602	
-1.421	-0.703	9.468	1.260	-0.910	-0.280	-0.073	-0.213	-0.609	
-1.500	-0.754	9.519	1.540	-1.120	-0.140	-0.076	-0.198	-0.613	
-1.457	-0.826	9.497	1.890	-0.910	-0.350	-0.066	-0.211	-0.610	
-1.342	-0.768	9.540	1.260	-0.770	-0.420	-0.075	-0.207	-0.614	
-1.371	-0.754	9.547	1.750	-1.190	-0.700	-0.077	-0.205	-0.607	
-1.479	-0.826	9.547	1.400	-0.980	-0.280	-0.078	-0.205	-0.598	
-1.457	-0.804	9.504	1.610	-0.700	-0.350	-0.077	-0.208	-0.607	
-1.457	-0.782	9.476	1.540	-0.980	-0.560	-0.074	-0.206	-0.625	
-1.443	-0.696	9.533	1.680	-0.770	-0.070	-0.071	-0.201	-0.613	
-1.429	-0.818	9.540	1.820	-0.980	-0.280	-0.077	-0.202	-0.603	
-1.472	-0.818	9.461	1.540	-1.400	-0.280	-0.070	-0.207	-0.605	
-1.429	-0.797	9.504	1.470	-1.190	-0.280	-0.066	-0.210	-0.610	
-1.407	-0.797	9.476	1.680	-1.120	-0.280	-0.074	-0.201	-0.611	
-1.342	-0.869	9.547	1.750	-0.980	-0.280	-0.077	-0.205	-0.609	
-1.421	-0.768	9.655	1.400	-1.260	-0.210	-0.074	-0.207	-0.614	
-1.357	-0.804	9.490	1.470	-0.980	-0.070	-0.078	-0.205	-0.608	
-1.479	-0.747	9.533	1.540	-0.700	-0.490	-0.067	-0.210	-0.609	
-1.507	-0.811	9.504	1.400	-0.700	-0.420	-0.085	-0.205	-0.602	
-1.493	-0.797	9.433	1.470	-0.770	-0.420	-0.075	-0.209	-0.615	
-1.400	-0.790	9.540	1.470	-0.700	-0.350	-0.076	-0.215	-0.602	
-1.385	-0.761	9.504	1.400	-0.840	-0.350	-0.072	-0.206	-0.610	
-1.414	-0.797	9.511	1.470	-0.700	-0.420	-0.068	-0.208	-0.619	
-1.500	-0.775	9.526	1.540	-1.050	-0.420	-0.075	-0.200	-0.606	
-1.479	-0.732	9.497	1.680	-1.050	-0.280	-0.069	-0.204	-0.601	
-1.443	-0.811	9.468	1.750	-0.700	-0.280	-0.072	-0.211	-0.611	
-1.522	-0.761	9.562	1.330	-0.910	-0.350	-0.075	-0.214	-0.607	
-1.450	-0.797	9.454	1.400	-1.190	-0.420	-0.071	-0.210	-0.620	
TOOK DATA
STEPPING
-1.579	-0.739	9.461	1.750	-0.980	-0.490	-0.098	-0.157	-0.553	
-1.507	-0.761	9.562	1.750	-0.910	-0.280	-0.087	-0.163	-0.545	
-1.486	-0.696	9.605	1.540	-0.840	-0.210	-0.092	-0.162	-0.549	
-1.436	-0.768	9.540	1.330	-0.910	-0.630	-0.095	-0.151	-0.552	
-1.515	-0.768	9.504	1.680	-0.980	-0.140	-0.095	-0.162	-0.549	
-1.436	-0.639	9.526	1.540	-0.770	-0.490	-0.089	-0.158	-0.543	
-1.457	-0.682	9.447	1.820	-0.910	-0.420	-0.092	-0.159	-0.544	
-1.421	-0.689	9.519	1.470	-0.560	-0.490	-0.089	-0.160	-0.550	
-1.378	-0.782	9.605	1.750	-1.050	-0.420	-0.084	-0.156	-0.547	
-1.472	-0.718	9.634	1.610	-0.770	-0.210	-0.088	-0.169	-0.554	
-1.472	-0.790	9.555	1.750	-0.700	-0.210	-0.086	-0.162	-0.545	
-1.464	-0.696	9.519	1.610	-1.050	-0.420	-0.091	-0.158	-0.554	
-1.572	-0.689	9.483	1.820	-1.050	-0.490	-0.086	-0.165	-0.550	
-1.436	-0.718	9.476	1.820	-0.770	-0.070	-0.093	-0.161	-0.545	
-1.414	-0.703	9.511	1.540	-1.190	-0.490	-0.082	-0.161	-0.551	
-1.457	-0.747	9.497	1.540	-0.840	-0.490	-0.089	-0.160	-0.563	
-1.472	-0.718	9.547	1.820	-1.050	-0.210	-0.093	-0.165	-0.560	
-1.536	-0.725	9.440	1.470	-0.980	-0.350	-0.091	-0.169	-0.550	
-1.543	-0.682	9.468	1.330	-0.980	-0.770	-0.097	-0.165	-0.544	
-1.551	-0.739	9.655	2.100	-1.120	-0.350	-0.091	-0.163	-0.539	
-1.507	-0.775	9.511	1.680	-1.120	-0.070	-0.093	-0.160	-0.544	
-1.414	-0.747	9.476	1.610	-0.910	-0.070	-0.086	-0.167	-0.559	
-1.529	-0.790	9.562	1.610	-0.770	-0.630	-0.091	-0.157	-0.554	
-1.486	-0.782	9.605	1.470	-1.260	-0.630	-0.093	-0.166	-0.546	
-1.472	-0.761	9.576	1.750	-1.190	0.000	-0.095	-0.163	-0.541	
-1.472	-0.754	9.526	1.610	-1.190	-0.560	-0.099	-0.164	-0.547	
-1.486	-0.797	9.598	1.960	-0.700	-0.350	-0.090	-0.156	-0.548	
-1.500	-0.703	9.533	1.890	-1.050	-0.070	-0.098	-0.167	-0.548	
-1.464	-0.782	9.526	1.260	-0.980	-0.490	-0.093	-0.167	-0.554	
-1.486	-0.754	9.497	1.610	-1.260	-0.350	-0.093	-0.156	-0.559	
TOOK DATA
STEPPING
-1.529	-0.718	9.576	1.820	-0.910	-0.140	-0.253	-0.134	0.444	
-1.414	-0.754	9.555	1.680	-0.840	0.000	-0.245	-0.132	0.455	
-1.450	-0.725	9.540	1.540	-1.120	-0.140	-0.242	-0.138	0.459	
-1.486	-0.768	9.619	1.680	-0.980	-0.210	-0.252	-0.138	0.465	
-1.551	-0.653	9.476	1.400	-1.120	-0.630	-0.242	-0.139	0.449	
-1.558	-0.653	9.483	1.610	-1.050	-0.210	-0.250	-0.141	0.459	
-1.565	-0.668	9.447	1.680	-1.050	-0.350	-0.243	-0.141	0.455	
-1.500	-0.660	9.476	2.100	-0.840	-0.350	-0.242	-0.139	0.455	
-1.522	-0.711	9.533	1.960	-0.700	-0.420	-0.238	-0.139	0.451	
-1.551	-0.718	9.533	1.820	-0.700	-0.560	-0.250	-0.142	0.464	
-1.558	-0.603	9.490	1.750	-0.560	-0.350	-0.242	-0.139	0.448	
-1.450	-0.668	9.547	1.540	-1.050	-0.210	-0.248	-0.136	0.454	
-1.507	-0.675	9.519	1.470	-0.700	-0.490	-0.245	-0.136	0.445	
-1.572	-0.696	9.483	1.890	-0.840	-0.350	-0.248	-0.136	0.441	
-1.486	-0.696	9.497	1.750	-0.980	-0.280	-0.250	-0.137	0.458	
-1.522	-0.639	9.490	1.470	-0.910	-0.560	-0.240	-0.135	0.460	
-1.594	-0.632	9.497	1.540	-0.840	-0.210	-0.245	-0.131	0.463	
-1.421	-0.668	9.540	1.750	-0.700	-0.350	-0.241	-0.129	0.462	
-1.342	-0.725	9.526	1.960	-1.190	-0.350	-0.236	-0.128	0.451	
-1.558	-0.689	9.497	1.540	-0.840	-0.280	-0.246	-0.134	0.443	
-1.429	-0.747	9.648	1.680	-0.700	-0.630	-0.243	-0.135	0.461	
-1.572	-0.754	9.619	1.610	-0.630	-0.350	-0.243	-0.140	0.451	
-1.486	-0.739	9.368	1.470	-0.700	-0.280	-0.243	-0.136	0.464	
-1.464	-0.739	9.504	1.960	-0.980	-0.350	-0.241	-0.137	0.466	
-1.522	-0.696	9.562	1.540	-0.840	0.070	-0.250	-0.142	0.463	
-1.500	-0.639	9.533	1.470	-1.330	-0.420	-0.233	-0.130	0.461	
-1.464	-0.703	9.533	1.890	-1.190	-0.490	-0.250	-0.134	0.469	
-1.572	-0.696	9.497	1.750	-0.980	-0.280	-0.237	-0.141	0.453	
-1.579	-0.711	9.447	1.260	-0.560	-0.490	-0.241	-0.136	0.452	
-1.594	-0.639	9.440	1.680	-1.050	-0.490	-0.240	-0.136	0.448	
TOOK DATA
STEPPING
-1.723	-0.589	9.476	1.470	-1.120	-0.210	-0.442	-0.186	2.353	
-1.601	-0.610	9.504	1.330	-1.190	-0.420	-0.444	-0.173	2.355	
-1.651	-0.581	9.476	1.400	-0.840	-0.210	-0.445	-0.179	2.360	
-1.615	-0.531	9.440	1.750	-1.050	-0.420	-0.446	-0.185	2.377	
-1.795	-0.682	9.325	1.470	-0.980	-0.560	-0.441	-0.174	2.356	
-1.551	-0.589	9.418	1.470	-0.910	-0.490	-0.441	-0.183	2.363	
-1.622	-0.495	9.562	1.820	-0.980	-0.210	-0.450	-0.176	2.364	
-1.507	-0.639	9.583	1.610	-0.630	0.000	-0.443	-0.185	2.358	
-1.665	-0.589	9.511	1.470	-1.120	-0.210	-0.452	-0.173	2.369	
-1.630	-0.610	9.418	1.540	-0.980	-0.070	-0.453	-0.175	2.353	
-1.500	-0.567	9.519	1.610	-0.910	-0.280	-0.444	-0.184	2.352	
-1.543	-0.581	9.411	1.540	-0.910	-0.280	-0.446	-0.181	2.356	
-1.622	-0.639	9.375	1.890	-0.910	-0.350	-0.445	-0.184	2.359	
-1.579	-0.589	9.418	1.820	-0.910	-0.140	-0.441	-0.182	2.357	
-1.572	-0.538	9.547	1.890	-0.980	-0.420	-0.437	-0.182	2.365	
-1.558	-0.589	9.576	1.400	-1.190	-0.350	-0.444	-0.180	2.361	
-1.565	-0.632	9.476	1.610	-1.120	-0.420	-0.442	-0.180	2.355	
-1.579	-0.596	9.497	1.750	-0.910	-0.350	-0.448	-0.187	2.344	
-1.594	-0.632	9.375	1.820	-0.840	-0.700	-0.450	-0.188	2.362	
-1.579	-0.639	9.533	1.610	-0.630	-0.070	-0.444	-0.185	2.362	
-1.586	-0.589	9.511	1.540	-0.840	-0.210	-0.445	-0.181	2.363	
-1.615	-0.625	9.590	1.890	-0.980	-0.140	-0.450	-0.183	2.360	
-1.637	-0.589	9.461	1.820	-0.910	0.070	-0.436	-0.182	2.367	
-1.579	-0.567	9.519	1.470	-0.980	-0.560	-0.441	-0.182	2.358	
-1.551	-0.675	9.483	1.680	-0.770	-0.350	-0.448	-0.178	2.360	
-1.630	-0.603	9.540	1.820	-1.050	-0.070	-0.446	-0.177	2.362	
-1.630	-0.668	9.511	1.750	-0.840	0.000	-0.445	-0.183	2.357	
-1.572	-0.574	9.476	1.960	-0.980	0.000	-0.450	-0.178	2.356	
-1.586	-0.589	9.490	1.540	-0.840	-0.210	-0.446	-0.185	2.363	
-1.601	-0.625	9.504	1.540	-0.840	-0.280	-0.449	-0.178	2.362	
TOOK DATA
STEPPING
-1.622	-0.467	9.418	1.820	-0.490	-0.140	-0.461	-0.221	2.745	
-1.759	-0.560	9.490	1.610	-0.980	-0.140	-0.459	-0.223	2.741	
-1.651	-0.538	9.519	1.750	-1.050	-0.350	-0.468	-0.210	2.753	
-1.622	-0.546	9.519	1.890	-0.910	-0.420	-0.468	-0.215	2.764	
-1.630	-0.495	9.454	1.680	-0.980	-0.280	-0.469	-0.222	2.761	
-1.608	-0.531	9.447	1.680	-0.980	0.140	-0.463	-0.220	2.752	
-1.601	-0.538	9.490	1.610	-1.050	-0.210	-0.471	-0.224	2.758	
-1.579	-0.517	9.397	1.750	-1.120	-0.490	-0.462	-0.219	2.750	
-1.701	-0.546	9.411	1.470	-1.120	-0.140	-0.460	-0.218	2.757	
-1.651	-0.553	9.555	1.680	-1.050	-0.420	-0.457	-0.215	2.755	
-1.637	-0.510	9.404	1.050	-0.700	-0.140	-0.464	-0.224	2.760	
-1.708	-0.510	9.440	1.820	-0.840	0.070	-0.464	-0.222	2.750	
-1.658	-0.603	9.468	1.540	-1.260	-0.420	-0.460	-0.219	2.758	
-1.637	-0.560	9.461	1.260	-0.910	-0.350	-0.458	-0.214	2.758	
-1.630	-0.474	9.583	1.680	-0.840	-0.420	-0.469	-0.217	2.765	
-1.701	-0.524	9.461	1.680	-0.980	0.000	-0.463	-0.219	2.755	
-1.708	-0.481	9.490	1.610	-0.910	-0.350	-0.465	-0.222	2.765	
-1.551	-0.567	9.511	1.750	-1.330	-0.280	-0.466	-0.213	2.742	
-1.630	-0.538	9.511	1.820	-0.700	-0.280	-0.466	-0.216	2.756	
-1.658	-0.524	9.476	1.750	-0.980	-0.420	-0.472	-0.218	2.756	
-1.630	-0.524	9.476	1.680	-0.770	-0.490	-0.465	-0.217	2.768	
-1.630	-0.459	9.497	1.400	-0.910	-0.280	-0.470	-0.227	2.756	
-1.608	-0.531	9.490	1.680	-0.910	-0.490	-0.461	-0.223	2.769	
-1.708	-0.517	9.468	1.820	-1.050	-0.420	-0.464	-0.211	2.755	
-1.637	-0.431	9.648	1.540	-0.770	-0.280	-0.464	-0.221	2.763	
-1.586	-0.517	9.490	1.750	-0.910	-0.420	-0.468	-0.216	2.762	
-1.608	-0.438	9.476	1.540	-0.910	-0.210	-0.476	-0.223	2.756	
-1.673	-0.538	9.476	2.030	-0.770	0.000	-0.476	-0.214	2.752	
-1.622	-0.467	9.440	1.680	-0.840	-0.630	-0.470	-0.216	2.760	
-1.608	-0.603	9.490	1.750	-0.770	-0.350	-0.464	-0.221	2.757	
TOOK DATA
STEPPING
-1.586	-0.495	9.562	1.960	-0.770	-0.210	-0.310	-0.217	1.962	
-1.637	-0.531	9.504	1.960	-0.560	-0.420	-0.315	-0.221	1.980	
-1.630	-0.452	9.461	1.470	-0.840	-0.210	-0.312	-0.220	1.967	
-1.744	-0.560	9.511	1.960	-1.050	-0.280	-0.309	-0.218	1.965	
-1.637	-0.438	9.433	1.750	-0.910	-0.070	-0.304	-0.225	1.959	
-1.658	-0.488	9.533	1.540	-0.910	-0.210	-0.309	-0.219	1.968	
-1.658	-0.431	9.382	1.540	-1.120	-0.210	-0.313	-0.226	1.966	
-1.579	-0.531	9.411	1.750	-1.050	-0.280	-0.306	-0.223	1.977	
-1.658	-0.502	9.404	1.890	-0.910	-0.420	-0.308	-0.218	1.954	
-1.665	-0.431	9.461	1.960	-0.770	-0.140	-0.314	-0.222	1.967	
-1.665	-0.524	9.411	1.890	-0.980	-0.210	-0.312	-0.224	1.950	
-1.637	-0.452	9.433	1.470	-0.910	-0.140	-0.314	-0.228	1.960	
-1.651	-0.538	9.490	1.820	-0.980	-0.560	-0.318	-0.225	1.958	
-1.622	-0.481	9.619	1.470	-1.190	-0.210	-0.312	-0.214	1.950	
-1.673	-0.502	9.440	1.260	-0.980	-0.630	-0.304	-0.227	1.960	
-1.630	-0.495	9.454	1.400	-0.700	-0.210	-0.311	-0.231	1.970	
-1.673	-0.416	9.468	1.890	-0.700	-0.420	-0.326	-0.226	1.976	
-1.558	-0.517	9.418	1.960	-0.980	-0.420	-0.317	-0.226	1.962	
-1.622	-0.524	9.454	1.540	-1.190	-0.560	-0.314	-0.227	1.959	
-1.644	-0.474	9.368	1.820	-0.840	-0.420	-0.315	-0.217	1.967	
-1.644	-0.452	9.533	1.540	-0.910	-0.350	-0.312	-0.221	1.960	
-1.637	-0.452	9.418	1.190	-0.700	-0.350	-0.320	-0.218	1.972	
-1.594	-0.502	9.490	1.750	-0.840	-0.070	-0.315	-0.221	1.963	
-1.615	-0.488	9.562	1.890	-0.980	-0.210	-0.311	-0.210	1.967	
-1.579	-0.510	9.634	1.610	-0.840	-0.140	-0.315	-0.225	1.967	
-1.644	-0.531	9.497	1.680	-0.630	-0.280	-0.312	-0.221	1.956	
-1.708	-0.502	9.504	2.030	-0.700	-0.140	-0.313	-0.218	1.964	
-1.594	-0.488	9.461	1.890	-0.910	-0.420	-0.306	-0.226	1.958	
-1.637	-0.459	9.461	1.960	-1.050	-0.280	-0.310	-0.221	1.960	
-1.565	-0.424	9.454	1.610	-1.050	-0.210	-0.310	-0.222	1.962	
TOOK DATA
STEPPING
-1.622	-0.409	9.504	1.680	0.000	-17.920	-0.091	-0.179	0.096	
-1.701	-0.424	9.519	1.540	-0.910	-0.560	-0.088	-0.183	0.085	
-1.637	-0.416	9.433	1.750	-0.770	-0.140	-0.089	-0.189	0.091	
-1.708	-0.366	9.497	1.400	-1.190	-0.350	-0.098	-0.172	0.086	
-1.608	-0.359	9.468	1.750	-1.190	-0.140	-0.093	-0.177	0.087	
-1.615	-0.359	9.576	1.540	-0.910	-0.280	-0.092	-0.182	0.084	
-1.673	-0.323	9.425	1.610	-0.770	-0.210	-0.093	-0.182	0.085	
-1.622	-0.402	9.562	1.330	-1.050	-0.280	-0.097	-0.172	0.082	
-1.673	-0.474	9.555	1.680	-0.700	-0.280	-0.092	-0.175	0.091	
-1.737	-0.366	9.418	1.330	-0.630	-0.140	-0.094	-0.176	0.091	
-1.644	-0.352	9.497	1.960	-0.910	-0.490	-0.091	-0.173	0.086	
-1.759	-0.395	9.511	1.750	-0.700	-0.350	-0.089	-0.181	0.087	
-1.665	-0.366	9.483	1.680	-0.840	-0.280	-0.094	-0.180	0.087	
-1.680	-0.474	9.511	1.680	-0.700	-0.210	-0.093	-0.178	0.093	
-1.673	-0.345	9.440	1.540	-0.630	-0.420	-0.092	-0.176	0.091	
-1.586	-0.309	9.418	1.540	-1.050	-0.280	-0.097	-0.174	0.086	
-1.701	-0.424	9.476	1.820	-1.260	-0.560	-0.089	-0.180	0.090	
-1.680	-0.388	9.490	1.680	-0.770	-0.140	-0.092	-0.180	0.100	
-1.651	-0.395	9.468	2.030	-1.120	-0.490	-0.095	-0.176	0.094	
-1.680	-0.409	9.468	1.400	-1.050	-0.350	-0.096	-0.183	0.093	
-1.773	-0.373	9.389	1.470	-1.190	-0.280	-0.097	-0.172	0.096	
-1.744	-0.424	9.526	1.400	-0.980	-0.490	-0.095	-0.173	0.100	
-1.687	-0.373	9.483	1.400	-0.910	-0.350	-0.095	-0.180	0.099	
-1.694	-0.345	9.418	1.610	-1.120	-0.140	-0.091	-0.172	0.095	
-1.665	-0.395	9.483	1.610	-0.630	-0.420	-0.089	-0.176	0.082	
-1.651	-0.474	9.540	1.470	-0.700	-0.280	-0.095	-0.177	0.083	
-1.644	-0.380	9.440	1.680	-0.630	-0.350	-0.089	-0.176	0.094	
-1.680	-0.337	9.619	1.190	-0.770	-0.350	-0.091	-0.183	0.089	
-1.759	-0.366	9.418	1.680	-0.840	-0.560	-0.091	-0.185	0.086	
-1.658	-0.373	9.468	1.680	-0.840	-0.560	-0.095	-0.182	0.099	
TOOK DATA
STEPPING
-1.637	-0.287	9.454	1.330	-1.330	-0.070	-0.018	-0.133	-0.713	
-1.651	-0.294	9.411	1.400	-0.770	-0.140	-0.028	-0.130	-0.711	
-1.694	-0.273	9.547	1.470	-0.770	-0.210	-0.022	-0.132	-0.722	
-1.716	-0.215	9.461	1.820	-0.910	-0.420	-0.025	-0.139	-0.700	
-1.694	-0.266	9.361	1.960	-0.910	-0.280	-0.025	-0.132	-0.725	
-1.680	-0.287	9.526	1.470	-0.560	-0.140	-0.018	-0.131	-0.717	
-1.687	-0.330	9.483	1.680	-0.700	-0.350	-0.022	-0.133	-0.719	
-1.723	-0.273	9.454	1.540	-0.630	-0.070	-0.027	-0.143	-0.725	
-1.680	-0.273	9.483	1.330	-1.190	-0.420	-0.020	-0.137	-0.718	
-1.737	-0.301	9.476	1.890	-0.770	-0.140	-0.030	-0.137	-0.729	
-1.766	-0.273	9.490	1.680	-0.840	-0.490	-0.029	-0.140	-0.729	
-1.694	-0.244	9.504	1.540	-0.630	-0.280	-0.026	-0.133	-0.720	
-1.665	-0.223	9.511	2.030	-1.190	-0.280	-0.026	-0.136	-0.726	
-1.608	-0.280	9.497	1.610	-1.050	-0.560	-0.031	-0.137	-0.719	
-1.723	-0.337	9.497	1.610	-0.910	-0.350	-0.028	-0.126	-0.722	
-1.701	-0.373	9.418	1.960	-0.980	-0.280	-0.032	-0.139	-0.735	
-1.744	-0.266	9.497	1.610	-1.190	-0.560	-0.021	-0.134	-0.713	
-1.680	-0.237	9.540	1.260	-0.910	-0.350	-0.026	-0.140	-0.729	
-1.730	-0.301	9.354	1.260	-1.330	-0.280	-0.028	-0.137	-0.726	
-1.673	-0.294	9.490	1.540	-0.910	-0.210	-0.020	-0.132	-0.719	
-1.737	-0.294	9.547	1.750	-0.980	0.000	-0.032	-0.140	-0.721	
-1.701	-0.251	9.483	1.610	-1.050	-0.560	-0.026	-0.141	-0.729	
-1.787	-0.280	9.468	1.190	-1.050	-0.350	-0.034	-0.129	-0.737	
-1.622	-0.294	9.569	1.540	-1.190	-0.070	-0.030	-0.140	-0.727	
-1.608	-0.251	9.519	1.680	-0.770	-0.210	-0.035	-0.135	-0.722	
-1.572	-0.194	9.476	1.750	-1.050	-0.280	-0.040	-0.133	-0.734	
-1.673	-0.330	9.483	1.960	-0.700	-0.560	-0.031	-0.135	-0.734	
-1.608	-0.258	9.468	1.400	-0.420	-0.210	-0.026	-0.139	-0.721	
-1.708	-0.301	9.526	1.400	-1.190	-0.140	-0.026	-0.137	-0.723	
-1.737	-0.230	9.526	1.750	-1.260	-0.630	-0.022	-0.136	-0.722	
TOOK DATA
STEPPING
-1.759	-0.287	9.540	1.820	-0.700	-0.210	-0.175	-0.134	0.053	
-1.766	-0.251	9.497	1.610	-1.120	-0.280	-0.168	-0.137	0.054	
-1.737	-0.179	9.375	1.540	-1.120	-0.070	-0.180	-0.128	0.042	
-1.701	-0.273	9.476	1.890	-0.910	-0.420	-0.164	-0.130	0.035	
-1.752	-0.179	9.468	1.750	-1.190	-0.140	-0.175	-0.133	0.038	
-1.752	-0.215	9.404	1.750	-0.840	-0.140	-0.180	-0.127	0.033	
-1.608	-0.237	9.447	1.750	-0.980	-0.070	-0.168	-0.122	0.045	
-1.694	-0.215	9.483	1.890	-1.190	-0.070	-0.165	-0.138	0.036	
-1.673	-0.194	9.476	2.030	-0.980	-0.490	-0.167	-0.132	0.046	
-1.701	-0.187	9.433	1.820	-0.630	-0.420	-0.169	-0.129	0.045	
-1.651	-0.237	9.404	1.330	-1.050	-0.280	-0.175	-0.132	0.038	
-1.673	-0.223	9.540	1.610	-0.980	-0.140	-0.173	-0.138	0.036	
-1.773	-0.201	9.368	1.680	-0.770	-0.280	-0.173	-0.132	0.039	
-1.673	-0.244	9.504	1.610	-0.840	0.070	-0.176	-0.135	0.041	
-1.744	-0.287	9.504	1.610	-0.980	-0.140	-0.172	-0.131	0.051	
-1.687	-0.273	9.454	1.400	-0.630	-0.560	-0.171	-0.129	0.049	
-1.823	-0.287	9.440	1.470	-0.980	-0.280	-0.167	-0.132	0.036	
-1.658	-0.187	9.411	1.540	-1.120	-0.140	-0.172	-0.136	0.040	
-1.809	-0.237	9.526	1.890	-0.980	-0.350	-0.165	-0.136	0.041	
-1.665	-0.194	9.389	1.680	-0.980	-0.210	-0.173	-0.133	0.053	
-1.701	-0.258	9.540	1.680	-1.120	-0.420	-0.170	-0.129	0.037	
-1.658	-0.223	9.454	1.400	-0.980	-0.280	-0.174	-0.136	0.038	
-1.694	-0.179	9.461	1.540	-0.980	-0.280	-0.173	-0.127	0.042	
-1.694	-0.230	9.440	1.890	-0.910	-0.280	-0.172	-0.138	0.048	
-1.752	-0.258	9.468	1.820	-0.910	-0.210	-0.172	-0.134	0.029	
-1.759	-0.115	9.476	1.820	-0.910	-0.490	-0.174	-0.133	0.039	
-1.651	-0.208	9.519	1.610	-0.910	-0.070	-0.173	-0.144	0.048	
-1.680	-0.258	9.476	1.610	-0.980	-0.210	-0.172	-0.133	0.038	
-1.708	-0.258	9.418	1.960	-0.980	-0.280	-0.175	-0.129	0.040	
-1.701	-0.237	9.425	1.820	-0.910	-0.350	-0.165	-0.136	0.053	
TOOK DATA
STEPPING
-1.651	-0.072	9.490	1.750	-0.910	-0.280	-0.389	-0.145	1.603	
-1.658	-0.287	9.497	1.470	-0.770	-0.070	-0.379	-0.148	1.611	
-1.658	-0.122	9.576	1.400	-1.050	-0.350	-0.385	-0.149	1.610	
-1.665	-0.079	9.389	1.610	-0.560	-0.280	-0.382	-0.149	1.608	
-1.730	-0.179	9.461	1.470	-1.050	-0.210	-0.385	-0.149	1.606	
-1.665	-0.151	9.511	1.820	-0.980	-0.420	-0.379	-0.151	1.610	
-1.752	-0.079	9.519	1.820	-0.910	-0.070	-0.376	-0.151	1.617	
-1.766	-0.086	9.490	1.750	-0.770	-0.210	-0.378	-0.151	1.611	
-1.766	-0.043	9.454	1.750	-0.840	0.000	-0.380	-0.147	1.609	
-1.773	-0.093	9.461	1.540	-0.840	0.070	-0.384	-0.147	1.624	
-1.737	-0.129	9.468	1.680	-0.980	-0.350	-0.382	-0.145	1.622	
-1.622	-0.086	9.418	1.470	-0.490	-0.350	-0.375	-0.149	1.613	
-1.708	-0.086	9.454	1.400	-0.980	-0.490	-0.375	-0.152	1.607	
-1.737	-0.115	9.404	1.470	-0.910	-0.070	-0.377	-0.144	1.620	
-1.644	-0.086	9.476	1.680	-0.910	-0.350	-0.382	-0.152	1.614	
-1.701	-0.158	9.468	1.330	-0.840	-0.350	-0.382	-0.152	1.617	
-1.752	-0.108	9.555	1.470	-0.700	-0.210	-0.383	-0.147	1.614	
-1.630	-0.187	9.468	1.680	-0.630	-0.350	-0.380	-0.152	1.595	
-1.744	-0.165	9.547	1.610	-1.190	0.000	-0.379	-0.150	1.616	
-1.637	-0.072	9.433	1.470	-0.980	-0.420	-0.388	-0.145	1.605	
-1.694	-0.172	9.476	1.470	-0.980	-0.280	-0.380	-0.151	1.624	
-1.759	-0.093	9.461	2.030	-0.910	-0.280	-0.386	-0.152	1.616	
-1.651	-0.129	9.526	1.540	-1.190	-0.420	-0.384	-0.149	1.606	
-1.766	-0.100	9.433	1.680	-1.120	-0.210	-0.383	-0.153	1.616	
-1.694	-0.144	9.440	1.890	-0.840	-0.490	-0.383	-0.144	1.611	
-1.737	-0.093	9.519	1.610	-0.560	-0.350	-0.390	-0.149	1.619	
-1.809	-0.093	9.476	1.540	-0.840	-0.560	-0.380	-0.144	1.604	
-1.716	-0.057	9.397	1.330	-0.560	-0.350	-0.375	-0.148	1.611	
-1.708	-0.136	9.519	1.610	-1.050	-0.350	-0.385	-0.147	1.605	
-1.708	-0.065	9.497	1.820	-0.420	0.070	-0.386	-0.148	1.619	
TOOK DATA
STEPPING
-1.558	-0.100	9.382	1.890	-1.120	-0.210	-0.484	-0.205	2.759	
-1.622	-0.057	9.476	1.680	-0.700	-17.850	-0.486	-0.198	2.752	
-1.665	-0.029	9.490	1.680	-0.700	-0.280	-0.484	-0.191	2.755	
-1.694	-0.036	9.303	1.750	-0.840	-0.350	-0.484	-0.203	2.748	
-1.673	-0.029	9.461	1.330	-0.770	-0.210	-0.484	-0.199	2.743	
-1.795	-0.043	9.504	1.330	-0.910	-0.280	-0.491	-0.192	2.755	
-1.701	-0.022	9.433	1.470	-0.980	-0.140	-0.482	-0.195	2.755	
-1.694	-0.029	9.511	1.820	-1.050	-0.210	-0.488	-0.205	2.752	
-1.687	-0.050	9.425	1.400	-0.630	-0.210	-0.487	-0.191	2.770	
-1.680	-0.036	9.519	1.680	-0.630	-0.140	-0.490	-0.202	2.768	
-1.701	-0.022	9.562	1.820	-1.260	-0.420	-0.489	-0.200	2.755	
-1.687	-0.050	9.648	1.890	-1.120	-0.350	-0.484	-0.196	2.758	
-1.687	-0.029	9.397	1.750	-0.490	0.000	-0.490	-0.198	2.756	
-1.917	-0.086	9.705	1.120	-0.700	-0.350	-0.481	-0.194	2.759	
-1.673	-0.029	9.540	1.470	-0.700	-0.280	-0.485	-0.199	2.758	
-1.716	-0.036	9.504	1.540	-1.050	-0.420	-0.490	-0.198	2.759	
-1.673	-0.050	9.533	1.540	-0.910	-0.350	-0.484	-0.200	2.773	
-1.601	-0.036	9.569	1.890	-0.700	-0.350	-0.485	-0.195	2.758	
-1.637	-0.065	9.440	1.610	-0.910	-0.280	-0.492	-0.204	2.755	
-1.637	-0.029	9.468	1.540	-0.980	-0.280	-0.487	-0.196	2.750	
-1.651	-0.079	9.497	1.820	-0.910	-0.210	-0.491	-0.200	2.751	
-1.680	-0.029	9.547	1.750	-0.840	-0.140	-0.483	-0.200	2.762	
-1.630	-0.122	9.547	1.610	-0.700	0.210	-0.487	-0.192	2.753	
-1.723	-0.029	9.605	1.890	-1.050	-0.280	-0.481	-0.198	2.762	
-1.723	-0.043	9.411	1.680	-0.840	-0.280	-0.490	-0.200	2.760	
-1.737	-0.050	9.555	1.610	-1.190	-0.210	-0.481	-0.193	2.744	
-1.687	-0.050	9.526	1.610	-1.120	-0.350	-0.484	-0.193	2.769	
-1.687	-0.036	9.397	1.750	-0.700	-0.070	-0.485	-0.194	2.747	
-1.665	-0.036	9.461	1.400	-0.910	-0.350	-0.487	-0.197	2.757	
-1.673	-0.065	9.433	1.610	-0.770	-0.490	-0.494	-0.196	2.759	
TOOK DATA
STEPPING
-1.766	-0.014	9.605	1.470	-0.490	-0.140	-0.366	-0.168	2.282	
-1.673	-0.029	9.605	1.680	-0.560	-0.350	-0.375	-0.164	2.298	
-1.744	-0.007	9.504	2.030	-0.630	-0.140	-0.378	-0.162	2.291	
-1.708	-0.014	9.490	1.610	-0.980	-0.280	-0.373	-0.169	2.302	
-1.694	-1.838	9.540	1.610	-0.910	-0.350	-0.375	-0.158	2.295	
-1.630	-0.022	9.461	1.540	-1.120	-0.210	-0.376	-0.166	2.300	
-1.694	-0.007	9.404	1.400	-1.400	-0.210	-0.378	-0.166	2.295	
-1.687	-0.036	9.511	1.820	-1.260	-0.420	-0.374	-0.167	2.302	
-1.687	-0.022	9.490	1.820	-0.770	-0.350	-0.375	-0.160	2.298	
-1.615	-0.014	9.504	1.610	-0.630	-0.070	-0.375	-0.160	2.285	
-1.615	0.079	9.511	1.540	-0.910	0.140	-0.374	-0.158	2.304	
-1.730	-0.036	9.447	1.960	-0.980	-0.420	-0.375	-0.166	2.290	
-1.723	-0.022	9.555	1.610	-1.120	0.140	-0.380	-0.163	2.293	
-1.701	-0.043	9.354	1.610	-0.840	-0.280	-0.375	-0.161	2.293	
-1.716	-0.029	9.461	1.610	-0.770	-0.140	-0.373	-0.165	2.296	
-1.637	-0.036	9.454	1.400	-1.120	-0.350	-0.371	-0.168	2.293	
-1.752	-0.036	9.504	1.960	-0.980	-0.280	-0.369	-0.166	2.301	
-1.644	-0.022	9.483	1.960	-0.630	-0.070	-0.373	-0.164	2.300	
-1.673	-0.022	9.526	1.890	-0.770	-0.210	-0.375	-0.157	2.294	
-1.687	0.007	9.476	1.890	-0.490	-0.070	-0.378	-0.158	2.306	
-1.701	-0.014	9.483	1.750	-0.560	-0.280	-0.379	-0.171	2.304	
-1.701	-0.093	9.468	1.610	-0.700	-0.350	-0.377	-0.161	2.292	
-1.658	-0.007	9.540	1.610	-1.050	-0.280	-0.372	-0.171	2.307	
-1.773	-1.838	9.454	1.540	-1.120	-0.420	-0.378	-0.165	2.299	
-1.716	-0.043	9.490	1.890	-0.910	-0.140	-0.374	-0.168	2.302	
-1.744	-0.022	9.490	1.680	-0.770	-0.140	-0.375	-0.163	2.294	
-1.687	-0.036	9.468	1.820	-0.700	-0.140	-0.379	-0.168	2.302	
-1.744	-0.036	9.447	1.680	-0.700	-0.140	-0.380	-0.160	2.299	
-1.680	-0.029	9.425	1.680	-0.980	-0.280	-0.382	-0.166	2.298	
-1.687	-0.022	9.468	1.890	-0.980	-0.490	-0.374	-0.167	2.301	
TOOK DATA
STEPPING
-1.694	0.100	9.540	1.820	-0.910	-0.350	-0.163	-0.107	0.922	
-1.637	0.072	9.361	1.680	-0.910	-0.350	-0.161	-0.102	0.930	
-1.694	0.115	9.533	1.610	-0.910	-0.350	-0.163	-0.111	0.925	
-1.766	-1.773	9.497	1.890	-1.120	-0.210	-0.165	-0.103	0.929	
-1.622	0.007	9.433	1.960	-0.700	0.210	-0.159	-0.114	0.919	
-1.665	0.136	9.540	1.680	-1.190	-0.070	-0.163	-0.112	0.923	
-1.823	0.029	9.447	1.540	-0.700	-0.140	-0.161	-0.108	0.913	
-1.795	0.014	9.476	1.400	-1.540	-0.350	-0.157	-0.107	0.911	
-1.608	0.194	9.526	1.820	-0.630	-0.350	-0.165	-0.111	0.923	
-1.780	0.014	9.411	1.890	-1.190	-0.280	-0.155	-0.106	0.925	
-1.673	0.043	9.497	1.680	-0.840	-0.280	-0.158	-0.095	0.929	
-1.665	0.079	9.433	2.030	-0.980	0.070	-0.163	-0.107	0.930	
-1.644	0.100	9.605	1.610	-0.700	-0.070	-0.156	-0.109	0.916	
-1.730	0.129	9.239	1.470	-1.120	-0.560	-0.157	-0.105	0.920	
-1.665	0.065	9.490	1.750	-0.840	-0.140	-0.168	-0.104	0.926	
-1.773	0.079	9.454	1.400	-0.630	-0.140	-0.160	-0.116	0.918	
-1.594	0.129	9.397	1.540	-0.910	-0.140	-0.156	-0.106	0.924	
-1.730	0.029	9.526	1.470	-0.840	0.070	-0.168	-0.110	0.920	
-1.687	0.122	9.397	1.680	-0.770	-0.070	-0.172	-0.113	0.911	
-1.637	0.086	9.569	1.890	-0.770	-0.350	-0.163	-0.107	0.916	
-1.723	0.122	9.483	1.540	-0.840	-0.140	-0.163	-0.109	0.925	
-1.630	0.122	9.504	1.470	-0.980	-0.350	-0.165	-0.107	0.918	
-1.644	0.065	9.533	1.890	-0.910	-0.070	-0.158	-0.110	0.901	
-1.658	0.086	9.447	1.750	-0.910	-0.210	-0.167	-0.116	0.912	
-1.630	-0.007	9.511	1.890	-0.980	-0.420	-0.158	-0.111	0.918	
-1.594	0.072	9.454	1.750	-0.910	-0.070	-0.158	-0.103	0.910	
-1.694	0.136	9.555	1.260	-0.840	0.000	-0.157	-0.114	0.913	
-1.680	0.036	9.555	1.610	-0.840	-0.280	-0.163	-0.116	0.921	
-1.608	0.086	9.468	1.470	-1.120	0.000	-0.166	-0.117	0.914	
-1.708	0.043	9.511	1.750	-0.630	-0.140	-0.160	-0.114	0.910	
TOOK DATA
STEPPING
-1.787	0.201	9.447	1.470	-0.910	17.850	-0.028	-0.066	-0.642	
-1.737	0.244	9.533	1.680	-0.490	-0.070	-0.019	-0.066	-0.646	
-1.630	0.079	9.605	1.750	-0.910	-0.280	-0.016	-0.067	-0.646	
-1.579	0.144	9.468	1.540	-0.490	0.000	-0.022	-0.068	-0.641	
-1.680	0.165	9.404	1.540	-0.910	-0.420	-0.019	-0.072	-0.640	
-1.558	0.215	9.468	1.610	-1.050	-0.140	-0.017	-0.068	-0.640	
-1.673	0.115	9.511	1.470	-1.050	-0.560	-0.011	-0.070	-0.649	
-1.615	0.144	9.468	1.820	-0.980	-0.210	-0.014	-0.067	-0.659	
-1.630	0.215	9.497	1.820	-0.770	-0.350	-0.019	-0.068	-0.649	
-1.680	0.165	9.476	1.680	-0.980	-0.210	-0.016	-0.063	-0.641	
-1.565	0.158	9.490	1.400	-0.770	-0.070	-0.018	-0.072	-0.652	
-1.565	0.179	9.497	1.400	-0.770	-0.070	-0.016	-0.074	-0.651	
-1.637	0.100	9.540	1.610	-1.190	-0.280	-0.014	-0.064	-0.642	
-1.708	0.151	9.547	1.680	-0.980	-0.280	-0.018	-0.071	-0.642	
-1.608	0.165	9.497	1.470	-0.490	-0.140	-0.020	-0.068	-0.648	
-1.658	0.179	9.519	1.750	-0.980	-0.210	-0.015	-0.105	-0.656	
-1.658	0.187	9.397	1.610	-1.050	-0.070	-0.016	-0.068	-0.637	
-1.651	0.158	9.418	1.610	-0.980	-0.070	-0.012	-0.069	-0.647	
-1.601	0.158	9.418	1.190	-0.560	-0.140	-0.013	-0.070	-0.644	
-1.637	0.093	9.461	1.470	-0.980	-0.210	-0.015	-0.069	-0.633	
-1.565	0.151	9.576	2.030	-0.770	-0.070	-0.007	-0.070	-0.660	
-1.644	0.158	9.605	1.750	-1.190	-0.350	-0.023	-0.071	-0.645	
-1.701	0.122	9.433	1.680	-0.840	-0.070	-0.019	-0.062	-0.643	
-1.673	0.208	9.411	1.960	-1.190	-0.280	-0.025	-0.074	-0.658	
-1.658	0.223	9.447	1.330	-0.910	-0.210	-0.011	-0.064	-0.648	
-1.630	0.172	9.576	1.750	-1.330	-0.280	-0.013	-0.077	-0.649	
-1.594	0.158	9.476	1.680	-1.260	-0.280	-0.012	-0.068	-0.649	
-1.572	0.100	9.483	1.680	-0.630	-0.350	-0.015	-0.061	-0.652	
-1.558	0.144	9.368	1.470	-0.840	-0.210	-0.016	-0.068	-0.641	
-1.536	0.136	9.411	1.610	-1.050	-0.070	-0.020	-0.064	-0.658	
TOOK DATA
STEPPING
-1.558	0.208	9.354	1.330	-1.470	-0.420	-0.094	-0.104	-0.407	
-1.565	0.172	9.533	1.470	-0.980	-0.350	-0.093	-0.103	-0.402	
-1.608	0.223	9.504	1.540	-0.770	-0.210	-0.093	-0.102	-0.387	
-1.658	0.208	9.497	1.540	-0.770	-0.070	-0.094	-0.106	-0.396	
-1.579	0.280	9.483	1.470	-0.840	-0.280	-0.093	-0.106	-0.396	
-1.579	0.223	9.454	1.610	-0.560	-0.210	-0.093	-0.107	-0.396	
-1.543	0.273	9.533	2.100	-0.700	0.070	-0.098	-0.104	-0.387	
-1.601	0.258	9.497	1.540	-0.630	0.000	-0.101	-0.102	-0.400	
-1.673	0.208	9.497	1.680	-0.770	-0.210	-0.089	-0.103	-0.401	
-1.630	0.230	9.540	1.680	-1.050	17.780	-0.100	-0.099	-0.405	
-1.658	0.223	9.404	1.680	-0.910	0.000	-0.096	-0.100	-0.399	
-1.630	0.230	9.483	1.960	-1.330	-0.140	-0.091	-0.097	-0.404	
-1.637	0.309	9.454	1.750	-1.050	-0.210	-0.096	-0.101	-0.404	
-1.594	0.251	9.555	2.030	-0.840	0.000	-0.099	-0.101	-0.394	
-1.572	0.115	9.497	1.610	-0.770	-0.140	-0.089	-0.104	-0.402	
-1.673	0.237	9.619	1.680	-1.260	-0.350	-0.090	-0.097	-0.393	
-1.637	0.215	9.504	1.890	-0.840	-0.280	-0.090	-0.101	-0.398	
-1.622	0.165	9.382	1.680	-0.840	-0.490	-0.089	-0.095	-0.399	
-1.615	0.266	9.397	1.540	-1.120	-0.210	-0.089	-0.099	-0.382	
-1.615	0.230	9.497	1.680	-1.120	-0.210	-0.094	-0.096	-0.399	
-1.594	0.244	9.533	2.030	-1.050	-0.280	-0.092	-0.100	-0.390	
-1.572	0.266	9.555	1.610	-1.190	-0.140	-0.091	-0.102	-0.404	
-1.601	0.201	9.497	1.890	-0.770	-0.140	-0.099	-0.100	-0.399	
-1.658	0.237	9.411	1.890	-1.330	-0.210	-0.097	-0.103	-0.399	
-1.586	0.330	9.504	1.330	-1.050	-0.420	-0.090	-0.104	-0.408	
-1.558	0.258	9.590	1.540	-0.700	-0.070	-0.090	-0.100	-0.410	
-1.579	0.258	9.583	1.540	-1.050	0.140	-0.097	-0.103	-0.393	
-1.543	0.280	9.533	1.470	-0.980	-0.140	-0.096	-0.103	-0.401	
-1.622	0.244	9.511	1.540	-1.120	-0.350	-0.089	-0.105	-0.402	
-1.594	0.179	9.519	1.680	-1.050	-0.420	-0.091	-0.103	-0.402	
TOOK DATA
STEPPING
-1.479	0.287	9.476	1.470	-1.190	-0.210	-0.289	-0.146	0.735	
-1.515	0.287	9.562	2.100	-0.910	-0.350	-0.284	-0.144	0.732	
-1.572	0.301	9.497	1.260	-0.910	-0.350	-0.281	-0.144	0.736	
-1.572	0.395	9.511	1.400	-0.840	-0.350	-0.282	-0.148	0.737	
-1.558	0.309	9.540	1.540	-0.700	-0.280	-0.289	-0.149	0.746	
-1.572	0.316	9.461	1.820	-0.490	-0.280	-0.294	-0.153	0.736	
-1.579	0.280	9.468	1.610	-1.260	-0.210	-0.281	-0.148	0.747	
-1.493	0.345	9.490	1.610	-1.260	-0.350	-0.287	-0.144	0.735	
-1.529	0.301	9.583	1.400	-1.050	-0.070	-0.284	-0.149	0.736	
-1.579	0.244	9.504	1.610	-0.910	-0.070	-0.286	-0.151	0.735	
-1.558	0.352	9.519	1.750	-1.050	-0.210	-0.292	-0.154	0.742	
-1.622	0.316	9.511	1.540	-0.910	-0.280	-0.290	-0.149	0.737	
-1.586	0.316	9.454	1.890	-0.770	-0.070	-0.282	-0.147	0.751	
-1.630	0.316	9.576	1.680	-0.840	-0.210	-0.285	-0.149	0.737	
-1.594	0.330	9.511	1.400	-1.050	-0.140	-0.289	-0.146	0.748	
-1.586	0.352	9.476	1.820	-0.840	-0.070	-0.290	-0.147	0.734	
-1.601	0.301	9.418	1.820	-0.840	-0.280	-0.285	-0.145	0.751	
-1.608	0.301	9.511	1.400	-1.190	-0.350	-0.287	-0.149	0.744	
-1.644	0.402	9.476	1.610	-0.840	-0.140	-0.283	-0.153	0.753	
-1.529	0.337	9.440	1.610	-0.770	0.140	-0.288	-0.136	0.744	
-1.522	0.194	9.483	1.540	-1.120	-0.350	-0.283	-0.151	0.737	
-1.579	0.301	9.526	1.750	-1.050	-0.280	-0.282	-0.149	0.744	
-1.551	0.380	9.547	1.680	-1.120	-17.920	-0.284	-0.141	0.741	
-1.522	0.366	8.980	1.260	-1.050	-0.490	-0.290	-0.141	0.749	
-1.615	0.287	9.497	1.470	-1.120	-0.070	-0.287	-0.144	0.745	
-1.500	0.416	9.368	1.540	-0.770	-0.210	-0.287	-0.151	0.754	
-1.572	0.337	9.519	1.680	-1.260	-0.350	-0.282	-0.148	0.733	
-1.536	0.230	9.555	1.680	-0.980	-0.070	-0.289	-0.146	0.746	
-1.486	0.373	9.490	1.610	-0.770	-0.280	-0.289	-0.150	0.746	
-1.601	0.366	9.540	2.240	-0.980	-0.210	-0.286	-0.149	0.744	
TOOK DATA
STEPPING
-1.558	0.330	9.468	1.540	-0.910	-0.210	-0.490	-0.196	2.643	
-1.536	0.459	9.519	1.540	-1.330	-0.490	-0.481	-0.196	2.640	
-1.522	0.445	9.511	1.610	-0.700	0.070	-0.494	-0.196	2.635	
-1.486	0.416	9.720	1.750	-0.770	-0.280	-0.491	-0.199	2.633	
-1.536	0.488	9.504	1.540	-0.700	0.000	-0.487	-0.205	2.637	
-1.651	0.402	9.425	1.890	-0.840	-0.070	-0.485	-0.198	2.636	
-1.479	0.474	9.368	1.610	-1.050	-0.140	-0.490	-0.193	2.647	
-1.450	0.345	9.483	1.470	-1.120	-0.490	-0.493	-0.199	2.625	
-1.543	0.416	9.468	1.400	-1.120	17.710	-0.492	-0.196	2.650	
-1.457	0.409	9.433	1.540	-1.120	-0.280	-0.485	-0.198	2.644	
-1.464	0.452	9.511	1.750	-0.840	-0.420	-0.495	-0.202	2.643	
-1.529	0.459	9.533	1.820	-0.910	-0.560	-0.490	-0.199	2.644	
-1.500	0.452	9.433	1.330	-0.910	-0.070	-0.484	-0.194	2.643	
-1.558	0.409	9.533	1.610	-0.560	-0.420	-0.495	-0.196	2.645	
-1.450	0.481	9.562	1.540	-0.980	-0.210	-0.488	-0.200	2.645	
-1.515	0.481	9.447	1.470	-1.120	-0.280	-0.496	-0.201	2.639	
-1.414	0.438	9.540	1.820	-0.770	-0.350	-0.495	-0.190	2.636	
-1.500	0.337	9.418	1.960	-0.840	-0.210	-0.490	-0.196	2.636	
-1.479	0.445	9.504	1.540	-0.700	-0.350	-0.483	-0.196	2.618	
-1.515	0.445	9.511	1.470	-0.980	-0.070	-0.495	-0.198	2.643	
-1.601	0.488	9.648	1.820	-1.050	-0.140	-0.498	-0.198	2.635	
-1.436	0.459	9.547	1.750	-1.190	-0.280	-0.487	-0.194	2.645	
-1.493	0.467	9.461	1.750	-1.190	-0.140	-0.497	-0.199	2.637	
-1.450	0.402	9.533	1.820	-0.910	-0.350	-0.489	-0.196	2.648	
-1.450	0.366	9.447	1.680	-0.840	-0.140	-0.491	-0.200	2.628	
-1.457	0.309	9.605	1.680	-1.120	-0.210	-0.489	-0.198	2.631	
-1.436	0.467	9.490	1.750	-1.120	-0.140	-0.486	-0.194	2.638	
-1.565	0.474	9.476	1.470	-0.700	-0.280	-0.482	-0.190	2.635	
-1.414	0.502	9.526	1.680	-0.910	-0.420	-0.490	-0.197	2.636	
