9.504
9.562
9.511
9.598
9.562
9.583
9.468
9.504
9.555
9.411
9.605
9.526
9.483
9.569
9.569
9.490
9.468
9.590
9.497
9.490
9.562
9.605
9.555
9.511
9.562
9.519
9.598
9.533
9.569
9.590
9.547
9.468
9.526
9.583
9.504
9.569
9.576
9.562
9.454
9.540
9.540
9.641
9.555
9.490
9.504
9.468
9.519
9.519
9.533
9.433
9.433
9.440
9.511
9.497
9.662
9.806
9.555
9.526
9.468
9.533
9.497
9.109
9.634
9.547
9.885
9.526
9.605
9.569
9.490
9.569
9.504
9.504
9.497
9.411
9.511
9.555
9.483
9.461
9.454
9.519
9.662
9.605
9.598
9.540
9.476
9.483
9.612
9.425
9.425
9.433
9.468
9.490
9.404
9.511
9.447
9.583
9.555
9.497
9.569
9.590
9.547
9.483
9.447
9.490
9.576
9.511
9.454
9.476
9.555
9.447
9.519
9.583
9.440
9.519
9.605
9.605
9.461
9.440
9.447
9.418
9.425
9.547
9.533
9.533
9.389
9.497
9.483
9.555
9.526
9.569
9.468
9.519
9.397
9.547
9.497
9.533
9.476
9.547
9.569
9.397
9.504
9.454
9.519
9.440
9.526
9.418
9.476
9.368
9.583
9.418
9.576
9.490
9.533
9.526
9.361
9.526
9.461
9.454
9.289
9.490
9.555
9.533
9.827
9.418
9.454
9.504
9.476
9.533
9.382
9.519
9.354
9.519
9.433
9.583
9.734
9.397
9.526
9.526
9.411
9.375
9.562
9.526
9.361
9.519
9.669
9.483
9.511
9.476
9.569
9.339
9.468
9.526
9.425
9.454
9.641
9.655
9.454
9.583
9.433
9.454
9.454
9.655
9.425
9.619
9.468
9.519
9.483
9.504
9.404
9.526
9.461
9.533
9.540
9.490
9.555
9.562
9.483
9.411
9.375
9.404
9.626
9.483
9.468
9.382
9.533
9.598
9.533
9.440
9.540
9.526
9.490
9.454
9.590
9.476
9.454
9.490
9.476
9.440
9.440
9.497
9.555
9.447
9.425
9.476
9.468
9.497
9.389
9.483
9.504
9.540
9.433
9.569
9.533
9.483
9.476
9.569
9.576
9.440
9.533
9.569
9.468
9.411
9.655
9.540
9.476
9.526
9.540
9.497
9.490
9.433
9.576
9.562
9.526
9.368
9.526
9.540
9.598
9.490
9.476
9.511
9.425
9.583
9.540
9.504
9.476
9.468
9.447
9.497
9.476
9.533
9.433
9.526
9.411
9.368
9.562
9.612
9.526
9.454
9.526
9.483
9.533
9.425
9.483
9.447
9.483
9.483
9.476
9.583
9.468
9.375
9.346
9.562
9.540
9.418
9.540
9.461
9.425
9.447
9.540
9.483
9.461
9.461
9.511
9.540
9.490
9.440
9.511
9.483
9.433
9.547
9.504
9.476
9.461
9.476
9.555
9.526
9.519
9.519
9.418
9.454
9.490
9.547
9.476
9.454
9.404
9.483
9.440
9.490
9.504
9.468
9.389
9.418
9.476
9.440
9.418
9.476
9.454
9.433
9.476
9.490
9.519
9.418
9.440
9.483
9.533
9.476
9.418
9.447
9.540
9.540
9.476
9.504
9.397
9.425
9.511
9.468
9.519
9.504
9.547
9.440
9.547
9.447
9.468
9.418
9.569
9.404
9.562
9.555
9.447
9.454
9.511
9.490
9.511
9.425
9.468
9.519
9.490
9.540
9.511
9.411
9.397
9.425
9.555
9.397
9.519
9.454
9.461
9.476
9.411
9.547
9.368
9.626
9.368
9.497
9.504
9.626
9.741
9.468
9.483
9.454
9.497
9.382
9.461
9.260
9.454
9.476
9.540
9.598
9.598
9.497
9.504
9.504
9.411
9.476
9.490
9.468
9.540
9.497
9.533
9.404
9.519
9.533
9.425
9.418
9.397
9.634
9.497
9.368
9.748
9.483
9.454
9.461
9.519
9.454
9.526
9.461
9.547
9.325
9.756
9.504
9.526
9.425
9.433
9.540
9.519
9.526
9.382
9.447
9.476
9.490
9.555
9.425
9.433
9.555
9.382
9.490
9.404
9.454
9.476
9.447
9.411
9.397
9.483
9.411
9.361
9.447
9.490
9.461
9.354
9.483
9.361
9.641
9.411
9.404
9.605
9.267
9.461
9.425
9.540
9.418
9.382
9.440
9.476
9.425
9.468
9.569
9.504
9.454
9.411
9.526
9.490
9.368
9.476
9.526
9.418
9.397
9.547
9.583
9.526
9.418
9.598
9.533
9.404
9.440
9.289
9.425
9.533
9.511
9.354
9.468
9.454
9.519
9.497
9.468
9.526
9.461
9.526
9.569
9.461
9.497
9.476
9.318
9.483
9.533
9.483
9.519
9.504
9.648
9.425
9.454
9.461
9.411
9.490
9.433
9.533
9.404
9.547
9.533
9.569
9.490
9.533
9.425
9.454
9.490
9.361
9.447
9.404
9.411
9.425
9.433
9.598
9.433
9.476
9.504
9.468
9.418
9.483
9.411
9.483
9.576
9.497
9.490
9.361
9.547
9.547
9.511
9.504
9.540
9.476
9.497
9.411
9.454
9.540
9.483
9.447
9.562
9.540
9.504
9.332
9.490
9.454
9.468
9.497
9.425
9.497
9.461
9.490
9.497
9.519
9.504
9.483
9.511
9.418
9.540
9.454
9.404
9.504
9.461
9.468
9.497
9.511
9.433
9.555
9.447
9.447
9.497
9.519
9.389
9.547
9.361
9.375
9.461
9.454
9.418
9.433
9.519
9.461
9.490
9.440
9.476
9.468
9.447
9.497
9.490
9.411
9.375
9.447
9.490
9.497
9.519
9.440
9.468
9.361
9.397
9.476
9.397
9.375
9.418
9.375
9.411
9.461
9.454
9.511
9.476
9.476
9.461
9.389
9.404
9.454
9.418
9.576
9.468
9.440
9.454
9.454
9.468
9.483
9.497
9.418
9.483
9.447
9.483
9.389
9.433
9.583
9.504
9.389
9.447
9.461
9.490
9.476
9.404
9.404
9.476
9.389
9.454
9.440
9.433
9.476
9.425
9.461
9.440
9.361
9.468
9.533
9.433
9.533
9.461
9.483
9.433
9.411
9.504
9.433
9.490
9.454
9.476
9.440
9.540
9.454
9.440
9.504
9.411
9.404
9.504
9.511
9.497
9.425
9.511
9.511
9.382
9.354
9.490
9.476
9.418
9.397
9.547
9.483
9.547
9.397
9.404
9.389
9.425
9.490
9.497
9.433
9.397
9.476
9.490
9.483
9.440
9.468
9.511
9.440
9.526
9.404
9.476
9.382
9.433
9.555
9.425
9.368
9.526
9.397
9.418
9.461
9.382
9.497
9.440
9.440
9.612
9.504
9.605
9.540
9.433
9.511
9.440
9.418
9.404
9.454
9.397
9.346
9.389
9.569
9.576
9.454
9.461
9.576
9.490
9.447
9.389
9.519
9.511
9.361
9.490
9.411
9.504
9.454
9.361
9.339
9.454
9.440
9.468
9.497
9.433
9.526
9.433
9.454
9.555
9.411
9.382
9.440
9.490
9.526
9.476
9.418
9.504
9.533
9.346
9.440
9.447
9.461
9.418
9.433
9.411
9.433
9.461
9.476
9.468
9.555
9.526
9.526
9.418
9.476
9.433
9.411
9.490
9.497
9.519
9.468
9.425
9.454
9.511
9.425
9.440
9.483
9.583
9.468
9.332
9.433
9.562
9.511
9.468
9.389
9.397
9.454
9.325
9.397
9.411
9.447
9.389
9.397
9.382
9.497
9.404
9.468
9.447
9.397
9.411
9.404
9.533
9.555
9.533
9.425
9.490
9.375
9.461
9.382
9.411
9.569
9.533
9.468
9.418
9.418
9.382
9.433
9.418
9.433
9.540
9.447
9.511
9.483
9.404
9.447
9.425
9.468
9.447
9.461
9.382
9.389
9.461
9.447
9.526
9.468
9.454
9.361
9.397
9.526
9.468
9.476
9.425
9.461
9.490
9.468
9.425
9.533
9.497
9.440
9.504
9.418
9.447
9.368
9.418
9.375
9.468
9.425
9.425
9.318
9.440
9.476
9.504
9.483
9.504
9.497
9.375
9.447
9.411
9.418
9.375
9.332
9.425
9.361
9.418
9.440
9.418
9.404
9.511
9.411
9.418
9.433
9.533
9.447
9.504
9.519
9.267
9.425
9.440
9.418
9.425
9.382
9.483
9.483
9.468
9.490
9.461
9.425
9.468
9.468
9.397
9.382
9.397
9.519
9.576
9.461
9.375
9.361
9.418
9.519
9.433
9.368
9.382
9.382
9.497
9.483
9.519
9.447
9.490
9.533
9.397
9.562
9.382
9.476
9.511
9.526
9.483
9.454
9.361
9.404
9.440
9.447
9.454
9.468
9.404
9.418
9.483
9.483
9.447
9.461
9.325
9.275
9.425
9.454
9.433
9.368
9.547
9.375
9.354
9.440
9.468
9.497
9.490
9.526
9.461
9.454
9.418
9.411
9.447
9.504
9.411
9.404
9.454
9.382
9.440
9.497
9.540
9.440
9.404
9.411
9.490
9.540
9.382
9.404
9.497
9.468
9.476
9.425
9.526
9.404
9.411
9.476
9.483
9.476
9.440
9.440
9.476
9.433
9.389
9.433
9.497
9.389
9.547
9.468
9.540
9.310
9.397
9.382
9.440
9.504
9.440
9.511
9.425
9.483
9.411
9.511
9.425
9.461
9.454
9.476
9.354
9.404
9.418
9.361
9.433
9.483
9.583
9.454
9.397
9.318
9.468
9.433
9.497
9.433
9.476
9.461
9.511
9.440
9.476
9.511
9.468
9.425
9.461
9.339
9.296
9.468
9.533
9.433
9.447
9.447
9.497
9.361
9.368
9.483
9.533
9.447
9.504
9.476
9.361
9.461
9.468
9.289
9.389
9.483
9.519
9.418
9.397
9.325
9.526
9.425
9.354
9.526
9.404
9.418
9.447
9.346
9.361
9.468
9.296
9.468
9.483
9.447
9.454
9.368
9.389
9.418
9.519
9.425
9.519
9.404
9.468
9.375
9.425
9.354
9.397
9.468
9.468
9.540
9.389
9.490
9.461
9.468
9.318
9.375
9.519
9.476
9.404
9.447
9.483
9.511
9.562
9.511
9.375
9.418
9.425
9.433
9.461
9.397
9.483
9.425
9.433
9.397
9.526
9.476
9.468
9.404
9.483
9.418
9.540
9.461
9.346
9.325
9.483
9.476
9.461
9.361
9.533
9.397
9.497
9.476
9.504
9.368
9.533
9.296
9.461
9.433
9.447
9.504
9.425
9.454
9.361
9.511
9.468
9.433
9.476
9.433
9.461
9.447
9.389
9.325
9.468
9.397
9.404
9.325
9.440
9.411
9.418
9.497
9.433
9.447
9.433
9.440
9.433
9.440
9.461
9.454
9.433
9.440
9.440
9.440
9.468
9.382
9.454
9.440
9.425
9.468
9.325
9.389
9.468
9.425
9.504
9.547
9.346
9.411
9.425
9.375
9.497
9.454
9.476
9.454
9.425
9.440
9.540
9.411
9.296
9.418
9.511
9.375
9.504
9.433
9.440
9.476
9.447
9.425
9.454
9.511
9.375
9.433
9.483
9.404
9.468
9.375
9.504
9.447
9.404
9.533
9.397
9.511
9.440
9.447
9.354
9.511
9.447
9.375
9.382
9.397
9.404
9.476
9.562
9.418
9.411
9.418
9.511
9.476
9.447
9.310
9.461
9.389
9.519
9.275
9.361
9.447
9.454
9.440
9.468
9.404
9.397
9.468
9.433
9.519
9.461
9.411
9.440
9.411
9.425
9.404
9.433
9.404
9.397
9.397
9.526
9.504
9.454
9.418
9.318
9.411
9.526
9.418
9.425
9.447
9.361
9.447
9.433
9.425
9.483
9.325
9.425
9.389
9.468
9.397
9.476
9.511
9.461
9.504
9.368
9.325
9.418
9.511
9.454
9.418
9.447
9.483
9.511
9.440
9.375
9.490
9.404
9.440
9.382
9.447
9.447
9.389
9.497
9.490
9.511
9.418
9.468
9.433
9.497
9.425
9.533
9.404
9.504
9.454
9.461
9.361
9.339
9.511
9.447
9.404
9.447
9.454
9.433
9.533
9.404
9.511
9.454
9.483
9.468
9.397
9.447
9.418
9.425
9.468
9.504
9.454
9.411
9.476
9.425
9.497
9.389
9.476
9.375
9.368
9.461
9.433
9.461
9.540
9.497
9.447
9.433
9.490
9.318
9.382
9.310
9.483
9.411
9.382
9.461
9.504
9.433
9.425
9.504
9.389
9.433
9.397
9.346
9.454
9.325
9.447
9.490
9.447
9.425
9.404
9.447
9.325
9.440
9.418
9.418
9.361
9.447
9.540
9.411
9.303
9.468
9.196
9.418
9.418
9.497
9.361
9.303
9.440
9.425
9.440
9.339
9.440
9.318
9.433
9.440
9.468
9.425
9.440
9.490
9.397
9.411
9.440
9.411
9.404
9.418
9.382
9.368
9.440
9.519
9.519
9.504
9.483
9.511
9.526
9.354
9.318
9.425
9.418
9.433
9.389
9.468
9.468
9.526
9.303
9.497
9.461
9.425
9.447
9.382
9.354
9.346
9.533
9.433
9.476
9.411
9.454
9.468
9.483
9.318
9.375
9.562
9.454
9.332
9.411
9.454
9.461
9.440
9.454
9.483
9.433
9.368
9.483
9.576
9.454
9.511
9.310
9.490
9.504
9.511
9.468
9.181
9.389
9.382
9.440
9.497
9.411
9.404
9.382
9.533
9.310
9.454
9.425
9.296
9.382
9.483
9.425
9.476
9.411
9.411
9.418
9.440
9.303
9.310
9.468
9.375
9.382
9.354
9.433
9.483
9.425
9.454
9.440
9.375
9.461
9.497
9.447
9.310
9.368
9.339
9.404
9.303
9.296
7.466
9.476
9.461
9.346
9.267
9.483
9.418
9.389
9.411
9.368
9.131
9.476
9.397
9.339
9.454
9.296
9.447
9.389
9.397
9.547
9.397
9.447
9.389
9.497
9.382
9.397
9.404
9.411
9.461
9.447
9.404
9.583
9.433
9.490
9.433
9.511
9.497
9.454
9.490
9.476
9.497
9.490
9.368
9.490
9.497
9.497
9.411
9.634
9.425
9.454
9.476
9.325
9.310
9.447
9.389
9.490
9.454
9.440
9.346
9.382
9.454
9.490
9.389
9.368
9.461
9.354
9.418
9.361
9.425
9.382
9.411
9.425
9.425
9.346
9.425
9.447
9.368
9.526
9.368
9.447
9.433
9.404
9.418
9.447
9.433
9.440
9.418
9.389
9.476
9.440
9.490
9.368
9.454
9.440
9.411
9.497
9.433
9.224
9.397
9.267
9.404
9.533
9.310
9.447
9.346
9.468
9.447
9.361
9.354
9.418
9.418
9.425
9.397
9.418
9.411
9.411
9.461
9.440
9.526
9.425
9.375
9.440
9.318
9.504
9.397
9.476
9.382
9.418
9.425
9.433
9.447
9.411
9.404
9.468
9.468
9.425
9.354
9.389
9.418
9.389
9.476
9.447
9.461
9.490
9.375
9.332
9.433
9.411
9.440
9.318
9.404
9.433
9.346
9.404
9.483
9.440
9.476
9.433
9.375
9.389
9.389
9.375
9.461
9.382
9.461
9.483
9.447
9.454
9.346
9.404
9.433
9.447
9.461
9.418
9.547
9.483
9.511
9.468
9.555
9.382
9.433
9.468
9.368
9.490
9.411
9.433
9.526
9.490
9.504
9.454
9.648
9.275
9.447
9.404
9.476
9.504
9.440
9.440
9.454
9.354
9.397
9.461
9.519
9.361
9.533
9.397
9.404
9.461
9.425
9.433
9.418
9.389
9.461
9.476
9.368
9.483
9.404
9.418
9.404
9.425
9.440
9.476
9.461
9.483
9.555
9.389
9.468
9.411
9.454
9.346
9.447
9.476
9.433
9.411
9.519
9.375
9.490
9.454
9.368
9.361
9.303
9.476
9.389
9.361
9.483
9.397
9.504
9.425
9.476
9.382
9.361
9.339
9.418
9.490
9.418
9.382
9.476
9.447
9.490
9.346
9.497
9.389
9.468
9.547
9.433
9.397
9.325
9.440
9.447
9.440
9.418
9.447
9.389
9.404
9.468
9.540
9.533
9.447
9.318
9.433
9.397
9.454
9.468
9.526
9.397
9.368
9.411
9.375
9.476
9.440
9.404
9.511
9.461
9.382
9.454
9.425
9.483
9.468
9.440
9.447
9.325
9.476
9.325
9.483
9.468
9.504
9.483
9.389
9.411
9.547
9.454
9.354
9.296
9.461
9.361
9.461
9.454
9.282
9.289
9.375
9.526
9.476
9.440
9.339
9.447
9.397
9.490
9.354
9.425
9.433
9.511
9.411
9.361
9.339
9.454
9.361
9.433
9.382
9.519
9.382
9.511
9.397
9.490
9.433
9.504
9.511
9.440
9.440
9.468
9.375
9.332
9.669
9.397
9.397
9.303
9.318
9.389
9.547
9.332
9.375
9.411
9.389
9.382
9.447
9.433
9.440
9.454
9.447
9.339
9.361
9.361
9.425
9.440
9.461
9.411
9.490
9.361
9.361
9.310
9.490
9.454
9.490
9.332
9.382
9.361
9.447
9.440
9.440
9.375
9.468
9.440
9.346
9.418
9.310
9.476
9.418
9.461
9.433
9.397
9.511
9.476
9.433
9.411
9.411
9.511
9.418
9.310
9.447
9.332
9.447
9.411
9.454
9.296
9.468
9.382
9.389
9.397
9.440
9.433
9.397
9.461
9.447
9.497
9.389
9.397
9.325
9.325
9.361
9.461
9.504
9.411
9.332
9.418
9.404
9.447
9.555
9.339
9.354
9.461
9.497
9.397
9.397
9.447
9.217
9.382
9.476
9.526
9.368
9.389
9.404
9.440
9.389
9.476
9.418
9.418
9.397
9.547
9.547
9.454
9.526
9.461
9.454
9.511
9.483
9.425
9.411
9.425
9.397
9.346
9.153
9.490
9.361
9.476
9.433
9.354
9.339
9.461
9.361
9.354
9.490
9.468
9.425
9.468
9.440
9.425
9.418
9.483
9.389
9.425
9.440
9.346
9.397
9.375
9.389
9.490
9.361
9.461
9.325
9.562
9.368
9.397
9.483
9.397
9.389
9.476
9.519
9.526
9.368
9.267
9.454
9.332
9.440
9.490
9.483
9.447
9.476
9.382
9.411
9.354
9.447
9.310
9.425
9.389
9.440
9.354
9.526
9.461
9.411
9.389
9.433
9.346
9.476
9.332
9.483
9.440
9.440
9.483
9.440
9.339
9.389
9.382
9.318
9.425
9.447
9.397
9.411
9.361
9.404
9.504
9.339
9.447
9.303
9.289
9.382
9.504
9.425
9.382
9.454
9.418
9.447
9.511
9.389
9.497
9.404
9.555
9.447
9.418
9.511
9.440
9.440
9.433
9.418
9.418
9.440
9.354
9.411
9.303
9.490
9.461
9.389
9.461
9.425
9.483
10.107
9.497
9.303
9.397
9.368
9.411
9.433
9.339
9.404
9.411
9.504
9.411
9.397
9.389
9.375
9.397
9.461
9.511
9.339
9.303
9.368
9.447
9.433
9.404
9.361
9.433
9.490
9.483
9.361
9.346
9.346
9.476
9.497
9.461
9.447
9.425
9.339
9.490
9.397
9.325
9.375
9.433
9.433
9.526
9.490
9.497
9.433
9.497
9.418
9.440
9.454
9.468
9.461
9.346
9.440
9.318
9.447
9.411
9.440
9.354
9.375
9.418
9.425
9.404
9.389
9.382
9.433
9.425
9.490
9.440
9.382
9.425
9.583
9.389
9.490
9.490
9.433
9.418
9.375
9.447
9.404
9.461
9.332
9.397
9.346
9.425
9.433
9.476
9.418
9.339
9.303
9.504
9.325
9.303
9.476
9.303
9.476
9.526
9.468
9.382
9.145
9.447
9.318
9.332
9.511
9.418
9.483
9.583
9.504
9.454
9.404
9.454
9.310
9.382
9.511
9.454
9.296
9.404
9.454
9.404
9.368
9.490
9.325
9.440
9.483
9.440
9.418
9.382
9.547
9.354
9.418
9.418
9.433
9.418
9.339
9.361
9.447
9.397
9.404
9.339
9.404
9.476
9.433
9.411
9.433
9.389
9.375
9.483
9.504
9.389
9.389
9.339
9.447
9.461
9.461
9.468
9.497
9.354
9.440
9.339
9.418
9.397
9.411
9.504
9.346
9.382
9.483
9.418
9.454
9.325
9.361
9.433
9.440
9.339
9.440
9.332
9.397
9.433
9.354
9.375
9.447
9.433
9.361
9.361
9.447
9.411
9.418
9.418
9.468
9.461
9.339
9.576
9.368
9.497
9.461
9.382
9.404
9.433
9.433
9.497
9.404
9.440
9.483
9.361
9.476
9.310
9.397
9.440
9.418
9.461
9.418
9.490
9.411
9.425
9.354
9.468
9.411
9.533
9.440
9.440
9.397
9.275
9.418
9.375
9.425
9.332
9.511
9.267
9.476
9.425
9.397
9.389
9.440
9.433
9.389
9.332
9.433
9.346
9.447
9.511
9.354
9.332
9.375
9.389
