-1.795
-1.680
-1.816
-1.752
-1.723
-1.737
-1.744
-1.744
-1.701
-1.802
-1.752
-1.766
-1.759
-1.816
-1.766
-1.795
-1.716
-1.752
-1.838
-1.859
-1.845
-1.823
-1.766
-1.838
-1.809
-1.852
-1.766
-1.723
-1.759
-1.773
-1.845
-1.802
-1.780
-1.881
-1.752
-1.730
-3.625
-1.909
-1.874
-1.816
-1.838
-1.773
-1.773
-1.816
-1.909
-1.838
-1.809
-1.787
-1.752
-1.787
-1.852
-1.838
-1.909
-1.780
-1.845
-1.723
-1.845
-1.823
-1.780
-1.888
-1.874
-1.780
-1.953
-1.838
-1.759
-1.888
-1.816
-1.874
-1.802
-1.802
-1.888
-1.960
-1.909
-1.852
-1.816
-1.845
-1.960
-1.917
-3.611
-1.802
-1.852
-1.866
-1.831
-1.845
-1.909
-1.881
-1.859
-1.874
-1.852
-1.888
-1.881
-1.874
-1.895
-1.859
-1.852
-1.895
-0.036
-1.874
-1.917
-1.852
-1.866
-1.845
-1.909
-1.909
-1.838
-2.010
-1.917
-1.981
-1.874
-1.859
-1.838
-1.838
-1.888
-1.859
-1.909
-1.924
-1.888
-1.917
-1.981
-1.960
-1.895
-1.924
-1.945
-1.888
-1.802
-1.881
-1.931
-1.909
-1.859
-1.866
-1.960
-1.938
-1.845
-1.960
-1.996
-1.974
-1.866
-1.917
-1.881
-1.881
-1.974
-1.996
-1.895
-1.888
-1.953
-1.945
-1.938
-1.866
-1.895
-1.945
-1.931
-1.909
-1.924
-1.931
-1.974
-1.852
-1.866
-1.967
-2.211
-2.024
-1.938
-1.881
-1.859
-1.845
-1.938
-1.895
-1.881
-1.981
-2.003
-1.945
-1.874
-1.996
-1.874
-1.953
-1.938
-1.967
-2.125
-1.938
-2.010
-1.967
-1.960
-1.967
-1.881
-1.996
-1.931
-1.917
-1.967
-1.988
-1.967
-3.647
-1.866
-1.895
-1.996
-1.917
-2.010
-1.909
-1.895
-2.003
-2.082
-2.039
-1.874
-1.953
-2.032
-1.888
-1.938
-1.988
-2.010
-1.938
-1.909
-1.981
-1.996
-1.874
-1.888
-1.938
-1.945
-2.003
-1.895
-1.902
-1.938
-1.945
-1.981
-1.924
-1.888
-1.931
-1.881
-1.967
-1.924
-1.881
-1.974
-1.967
-1.931
-1.945
-1.931
-1.967
-1.924
-2.032
-1.981
-1.981
-1.895
-1.938
-1.953
-2.003
-1.953
-1.924
-1.967
-2.024
-1.888
-1.931
-2.032
-1.945
-1.938
-1.981
-1.996
-1.931
-1.996
-2.046
-2.053
-1.996
-1.931
-2.046
-1.988
-2.017
-2.017
-2.003
-1.881
-1.967
-1.996
-2.024
-1.988
-1.902
-1.895
-1.974
-1.996
-1.917
-2.039
-2.039
-1.917
-1.909
-2.010
-2.010
-1.895
-2.046
-1.974
-2.017
-2.060
-2.039
-1.938
-2.024
-1.909
-1.974
-1.960
-2.039
-2.017
-1.938
-2.060
-2.046
-1.953
-1.938
-1.931
-2.132
-2.003
-1.981
-1.953
-1.960
-2.067
-2.039
-2.017
-1.924
-2.032
-1.981
-1.945
-1.960
-1.981
-1.924
-1.996
-2.017
-2.003
-2.003
-1.981
-2.003
-1.960
-1.909
-2.003
-2.032
-1.945
-2.046
-1.988
-2.082
-1.924
-1.917
-2.089
-2.017
-1.996
-1.960
-1.967
-2.110
-2.003
-1.953
-1.974
-1.917
-2.046
-2.103
-2.032
-1.931
-2.053
-2.032
-2.024
-1.967
-1.988
-2.060
-1.953
-1.981
-2.039
-1.988
-2.060
-2.010
-1.988
-2.032
-2.110
-2.046
-1.996
-1.960
-1.988
-2.024
-2.032
-2.060
-2.003
-2.139
-2.039
-1.974
-2.024
-2.046
-2.032
-2.003
-2.010
-1.895
-2.096
-1.981
-2.046
-2.046
-2.082
-2.075
-2.010
-2.032
-2.139
-2.075
-1.967
-2.024
-2.024
-2.010
-2.053
-2.003
-2.046
-1.974
-2.039
-2.146
-2.039
-2.046
-2.017
-2.139
-2.082
-1.996
-2.103
-1.945
-2.010
-2.067
-1.953
-2.003
-1.967
-2.139
-2.024
-1.996
-2.046
-2.024
-2.096
-2.067
-1.601
-2.132
-2.089
-2.067
-1.996
-2.032
-2.168
-1.766
-1.996
-2.053
-2.053
-2.060
-1.795
-2.032
-2.017
-1.974
-2.017
-2.383
-2.110
-2.075
-1.967
-2.053
-2.139
-1.974
-2.075
-2.053
-2.075
-2.053
-2.053
-2.024
-1.996
-2.082
-2.204
-2.032
-1.924
-1.967
-2.032
-2.017
-2.082
-2.067
-2.024
-2.103
-2.268
-1.974
-2.168
-2.075
-2.003
-2.017
-2.096
-2.075
-2.082
-2.125
-2.046
-2.046
-2.017
-2.010
-2.067
-2.082
-2.082
-2.075
-2.082
-1.996
-2.060
-2.024
-2.103
-2.075
-2.096
-2.067
-2.154
-2.039
-2.010
-2.096
-2.103
-1.974
-1.917
-2.060
-2.046
-2.032
-1.974
-2.067
-2.003
-2.032
-2.103
-2.046
-1.967
-2.053
-2.082
-2.075
-2.067
-2.103
-2.067
-2.082
-2.032
-2.024
-2.139
-2.032
-1.988
-2.024
-2.118
-2.024
-2.024
-2.060
-2.118
-2.089
-2.053
-2.132
-2.010
-2.032
-2.182
-2.032
-2.132
-2.139
-2.139
-2.089
-2.096
-2.132
-2.118
-2.046
-2.010
-2.118
-2.089
-2.032
-2.110
-2.154
-2.010
-2.060
-1.960
-2.075
-2.154
-2.082
-2.053
-2.096
-2.046
-2.139
-2.132
-2.067
-2.046
-2.039
-2.154
-2.146
-2.154
-2.075
-2.096
-2.132
-2.125
-2.154
-2.103
-2.110
-2.132
-2.075
-2.089
-2.125
-2.103
-1.967
-2.053
-2.118
-2.139
-1.996
-2.132
-2.110
-2.175
-2.067
-2.075
-2.161
-2.075
-1.996
-2.139
-2.075
-2.110
-2.082
-2.096
-2.103
-2.118
-2.017
-2.096
-2.161
-2.096
-2.032
-2.067
-2.204
-2.089
-2.046
-2.110
-2.067
-2.060
-2.010
-2.032
-2.096
-2.146
-2.118
-2.096
-2.046
-2.103
-2.017
-2.110
-2.046
-2.082
-2.060
-2.132
-2.125
-2.089
-2.082
-2.053
-2.125
-2.125
-2.089
-2.103
-2.154
-2.060
-2.089
-2.089
-2.168
-2.075
-2.046
-2.154
-2.139
-2.053
-2.032
-2.096
-2.154
-2.032
-2.089
-2.039
-2.067
-2.053
-2.067
-2.125
-2.032
-2.053
-2.096
-2.146
-2.118
-2.103
-2.154
-2.125
-2.024
-2.075
-2.125
-2.139
-2.103
-2.118
-2.125
-2.118
-2.139
-2.146
-2.096
-2.139
-2.103
-1.996
-2.139
-2.024
-2.060
-2.125
-2.060
-2.146
-2.132
-2.053
-2.175
-2.204
-2.146
-2.096
-2.103
-2.139
-2.089
-2.132
-2.139
-2.053
-2.118
-2.118
-2.146
-2.161
-2.082
-2.154
-2.082
-2.110
-2.053
-2.053
-2.110
-2.017
-2.067
-2.139
-2.146
-2.125
-2.132
-2.125
-2.132
-2.125
-2.146
-2.175
-2.125
-2.096
-2.103
-2.067
-2.053
-2.096
-2.125
-2.139
-2.046
-2.103
-2.110
-2.118
-2.139
-2.132
-2.146
-2.197
-2.089
-2.125
-2.089
-2.139
-2.204
-2.082
-2.161
-2.132
-2.161
-2.110
-2.161
-2.175
-2.046
-2.075
-2.175
-2.211
-2.146
-2.060
-2.175
-2.039
-2.075
-2.211
-2.168
-2.103
-2.060
-2.161
-2.139
-2.182
-2.197
-2.189
-2.110
-2.060
-2.161
-2.110
-2.082
-2.125
-2.146
-2.139
-2.082
-2.067
-2.175
-2.146
-2.082
-2.161
-2.075
-2.154
-2.096
-2.075
-2.118
-2.096
-2.075
-2.168
-2.175
-1.974
-2.039
-2.154
-2.211
-2.146
-2.247
-2.103
-2.096
-2.146
-2.132
-2.197
-2.125
-2.082
-2.197
-2.175
-2.161
-2.089
-2.139
-2.182
-2.182
-2.103
-2.175
-2.175
-2.096
-2.096
-2.168
-2.168
-2.146
-2.082
-2.175
-2.103
-2.204
-2.096
-2.125
-2.211
-2.211
-2.139
-2.182
-2.132
-2.168
-2.125
-2.060
-2.204
-2.146
-2.089
-2.118
-2.233
-2.132
-2.096
-2.075
-2.168
-2.154
-2.110
-2.082
-2.211
-2.139
-2.089
-2.096
-2.082
-2.182
-2.139
-2.154
-2.039
-2.189
-2.103
-2.060
-2.175
-2.132
-2.218
-2.132
-2.161
-2.197
-2.154
-2.003
-2.103
-2.132
-2.046
-2.046
-2.175
-2.110
-2.110
-2.103
-2.211
-2.096
-2.089
-2.161
-2.175
-2.118
-2.103
-2.132
-2.197
-2.125
-2.175
-2.139
-2.175
-2.175
-2.132
-2.139
-2.189
-2.161
-2.146
-2.075
-2.139
-2.125
-2.060
-2.204
-2.146
-2.096
-2.089
-2.218
-2.225
-2.139
-2.240
-2.168
-2.096
-2.154
-2.067
-2.132
-2.168
-2.204
-2.161
-2.197
-2.146
-2.168
-2.110
-2.197
-2.175
-2.139
-2.175
-2.146
-2.233
-2.182
-2.110
-2.125
-2.204
-2.146
-2.125
-2.118
-2.204
-2.060
-2.154
-2.233
-2.125
-2.110
-2.053
-2.197
-2.211
-2.139
-2.110
-2.082
-2.225
-2.139
-2.154
-2.175
-2.168
-2.039
-2.053
-2.132
-2.211
-2.175
-2.211
-2.110
-2.175
-2.139
-2.132
-2.182
-2.132
-2.154
-2.139
-2.247
-2.182
-2.168
-2.189
-2.175
-2.118
-2.096
-2.161
-2.182
-2.168
-2.189
-2.168
-2.110
-2.125
-2.139
-2.154
-2.110
-2.110
-2.197
-2.132
-2.189
-2.168
-2.182
-2.110
-2.154
-2.139
-2.204
-2.204
-2.096
-2.197
-2.211
-2.189
-2.197
-2.168
-2.146
-2.082
-2.082
-2.125
-2.283
-2.204
-2.132
-2.189
-2.204
-2.168
-2.132
-2.211
-2.233
-2.189
-2.082
-2.189
-2.161
-2.139
-2.225
-2.175
-2.168
-2.161
-2.139
-2.175
-2.146
-2.139
-2.204
-2.204
-2.118
-2.189
-2.139
-2.182
-2.161
-2.146
-2.189
-2.204
-2.146
-2.189
-2.189
-2.182
-2.082
-2.139
-2.161
-2.103
-2.118
-2.154
-2.139
-2.189
-2.125
-2.189
-2.182
-2.247
-2.118
-2.247
-2.189
-2.132
-2.175
-2.168
-2.182
-2.139
-2.168
-2.254
-2.225
-2.146
-2.233
-2.218
-2.233
-2.154
-2.175
-2.211
-2.197
-2.110
-2.161
-2.204
-2.146
-2.161
-2.161
-2.182
-2.168
-2.197
-2.204
-2.110
-2.175
-2.161
-2.175
-2.125
-2.175
-2.204
-2.197
-2.175
-2.197
-2.132
-2.154
-2.089
-2.139
-2.110
-2.175
-2.204
-2.139
-2.233
-2.139
-2.197
-2.175
-2.254
-2.197
-2.211
-2.197
-2.168
-2.261
-2.168
-2.240
-2.067
-2.189
-2.067
-2.182
-2.197
-2.161
-2.075
-2.168
-2.254
-2.218
-2.118
-2.182
-2.182
-2.146
-2.139
-2.146
-2.189
-2.168
-2.197
-2.211
-2.204
-2.161
-2.168
-2.204
-2.197
-2.175
-2.118
-2.182
-2.139
-2.082
-2.110
-2.254
-2.211
-2.218
-2.240
-2.204
-2.139
-2.204
-2.182
-2.204
-2.197
-2.240
-2.218
-2.189
-2.175
-2.132
-2.189
-2.161
-2.168
-2.175
-2.146
-2.125
-2.125
-2.268
-2.175
-2.139
-2.125
-2.233
-2.175
-2.211
-2.161
-2.125
-2.218
-2.096
-2.154
-2.333
-2.182
-2.118
-2.161
-2.211
-2.161
-2.010
-2.154
-2.175
-2.197
-2.211
-2.189
-2.189
-2.161
-2.182
-2.146
-2.189
-2.161
-2.139
-2.197
-2.204
-2.060
-2.125
-2.154
-2.247
-2.125
-2.254
-2.182
-2.089
-2.139
-2.218
-2.240
-2.154
-2.189
-2.247
-2.225
-2.175
-2.154
-2.175
-2.204
-2.254
-2.197
-2.204
-2.204
-2.211
-2.276
-2.197
-2.261
-2.175
-2.189
-2.290
-2.204
-2.225
-2.132
-2.146
-2.247
-2.146
-2.175
-2.189
-2.240
-2.168
-2.218
-2.197
-2.132
-2.132
-2.225
-2.154
-2.182
-2.175
-2.233
-2.283
-2.182
-2.161
-2.139
-2.254
-2.254
-2.240
-2.233
-2.261
-2.189
-2.304
-2.175
-2.247
-2.189
-2.175
-2.247
-2.240
-2.197
-2.154
-2.225
-2.175
-2.182
-2.218
-2.225
-2.290
-2.225
-2.103
-2.268
-2.218
-2.182
-2.125
-2.204
-2.161
-2.182
-2.240
-2.139
-2.189
-2.146
-2.276
-2.175
-2.096
-2.175
-2.189
-2.197
-2.154
-2.161
-2.326
-2.268
-2.240
-2.233
-2.139
-2.247
-2.204
-2.146
-2.204
-2.189
-2.197
-2.247
-2.103
-2.254
-2.254
-2.233
-2.218
-2.168
-2.146
-2.189
-2.225
-2.082
-2.218
-2.146
-2.211
-2.154
-2.204
-2.211
-2.197
-2.261
-2.182
-2.154
-2.225
-2.132
-2.189
-2.211
-2.197
-2.132
-2.261
-2.240
-2.154
-2.175
-2.247
-2.247
-2.182
-2.197
-2.247
-2.204
-2.161
-2.197
-2.261
-2.189
-2.175
-2.161
-2.240
-2.139
-2.182
-2.182
-2.218
-2.197
-2.182
-2.139
-2.233
-2.233
-2.197
-2.175
-2.211
-2.218
-2.218
-2.211
-2.233
-2.211
-2.211
-2.125
-2.233
-2.247
-2.197
-2.161
-2.225
-2.197
-2.254
-2.211
-2.197
-2.182
-2.197
-2.125
-2.233
-2.233
-2.254
-2.189
-2.254
-2.197
-2.161
-2.168
-2.261
-2.168
-2.197
-2.175
-2.240
-2.146
-2.204
-2.268
-2.211
-2.225
-2.182
-2.233
-2.182
-2.247
-2.118
-2.218
-2.204
-2.182
-2.211
-2.233
-2.240
-2.125
-2.218
-2.211
-2.154
-2.211
-2.211
-2.146
-2.161
-2.139
-2.204
-2.304
-2.175
-2.247
-2.146
-2.225
-2.261
-2.197
-2.146
-2.225
-2.182
-2.182
-2.182
-2.168
-2.261
-2.204
-2.233
-2.161
-2.161
-2.211
-2.146
-2.225
-2.139
-2.240
-2.283
-2.189
-2.168
-2.233
-2.233
-2.218
-2.197
-2.154
-2.225
-2.225
-2.204
-2.132
-2.233
-2.175
-2.240
-2.161
-2.197
-2.197
-2.283
-2.103
-2.268
-2.204
-2.225
-2.168
-2.197
-2.175
-2.182
-2.225
-2.233
-2.283
-2.218
-2.218
-2.240
-2.182
-2.154
-2.161
-2.218
-2.218
-2.261
-2.276
-2.182
-2.254
-2.132
-2.283
-2.182
-2.110
-2.168
-2.161
-2.175
-2.233
-2.218
-2.268
-2.290
-2.197
-2.089
-2.197
-2.225
-2.225
-2.283
-2.225
-2.161
-2.197
-2.204
-2.225
-2.261
-2.182
-2.204
-2.211
-2.225
-2.233
-2.182
-2.161
-2.254
-2.218
-2.161
-2.268
-2.225
-2.103
-2.254
-2.197
-2.175
-2.218
-2.168
-2.283
-2.168
-2.139
-2.204
-2.283
-2.168
-2.247
-2.254
-2.168
-2.247
-2.189
-2.240
-2.168
-2.204
-2.290
-2.290
-2.189
-2.175
-2.175
-2.211
-2.154
-2.161
-2.268
-2.290
-2.182
-2.175
-2.211
-2.276
-2.254
-2.146
-2.154
-2.175
-2.197
-2.261
-2.233
-2.240
-2.254
-2.225
-2.225
-2.254
-2.168
-2.211
-2.218
-2.211
-2.218
-2.161
-2.283
-2.297
-2.240
-2.168
-2.189
-2.247
-2.132
-2.218
-2.218
-2.247
-2.247
-2.290
-2.240
-2.211
-2.075
-2.268
-2.197
-2.204
-2.197
-2.118
-2.189
-2.211
-2.254
-2.218
-2.261
-2.182
-2.355
-2.139
-2.218
-2.132
-2.154
-2.161
-2.182
-2.276
-2.247
-2.355
-2.347
-2.161
-2.218
-2.218
-2.247
-2.189
-2.082
-2.240
-2.218
-2.283
-2.268
-2.254
-2.218
-2.211
-2.168
-2.254
-2.211
-2.204
-2.240
-2.175
-2.211
-2.268
-2.110
-2.218
-2.326
-2.189
-2.182
-2.211
-2.347
-2.340
-2.218
-2.154
-2.276
-2.240
-2.261
-2.240
-2.139
-2.261
-2.225
-2.154
-2.240
-2.254
-2.247
-2.211
-2.211
-2.347
-2.204
-2.175
-2.283
-2.189
-2.254
-2.276
-2.175
-2.218
-2.261
-2.204
-2.276
-2.218
-2.146
-2.326
-2.175
-2.268
-2.189
-2.154
-2.225
-2.268
-2.197
-2.225
-2.304
-2.261
-2.254
-2.175
-2.261
-2.290
-2.211
-2.204
-2.261
-2.154
-2.211
-2.283
-2.297
-2.304
-2.132
-2.175
-2.276
-2.268
-1.967
-2.204
-2.383
-2.261
-2.182
-2.240
-2.161
-2.290
-2.261
-2.304
-2.189
-2.225
-2.189
-2.304
-2.218
-2.261
-2.175
-2.233
-2.161
-2.197
-2.261
-2.261
-2.218
-2.168
-2.168
-2.319
-2.240
-2.261
-2.240
-2.161
-2.218
-2.233
-2.276
-2.290
-2.261
-2.225
-2.254
-2.319
-2.240
-2.161
-2.268
-2.276
-2.247
-2.211
-2.175
-2.304
-2.218
-2.240
-2.362
-2.254
-2.218
-2.211
-2.211
-2.276
-2.268
-2.247
-2.268
-2.225
-2.211
-2.261
-2.319
-2.261
-2.175
-2.283
-2.276
-2.211
-2.204
-2.276
-2.168
-2.276
-2.268
-2.211
-2.261
-2.161
-2.168
-2.268
-2.175
-2.233
-2.204
-2.276
-2.233
-2.240
-2.233
-2.261
-2.240
-2.276
-2.290
-2.218
-2.247
-2.261
-2.240
-2.261
-2.211
-2.290
-2.254
-2.606
-2.290
-2.189
-2.197
-2.218
-2.225
-2.218
-2.175
-2.268
-2.304
-2.204
-2.268
-2.225
-2.290
-2.218
-2.240
-2.240
-2.283
-2.197
-2.304
-2.175
-2.254
-2.254
-2.240
-2.175
-2.319
-2.247
-2.261
-2.168
-2.225
-2.254
-2.197
-2.218
-2.247
-2.204
-2.254
-2.182
-2.319
-2.175
-2.211
-2.211
-2.297
-2.182
-2.261
-2.268
-2.233
-2.204
-2.254
-2.283
-2.290
-2.211
-2.247
-2.290
-2.146
-2.204
-2.218
-2.247
-2.146
-2.254
-2.276
-2.233
-2.240
-2.189
-2.197
-2.268
-2.175
-2.276
-2.268
-2.233
-2.197
-2.276
-2.204
-2.218
-2.197
-2.247
-2.211
-2.261
-2.218
-2.247
-2.290
-2.204
-2.254
-2.225
-2.240
-2.233
-2.261
-2.254
-2.204
-2.154
-2.254
-2.297
-2.261
-2.240
-2.233
-2.225
-2.290
-2.168
-2.225
-2.218
-2.326
-2.254
-2.283
-2.311
-2.247
-2.276
-2.204
-2.311
-2.218
-2.254
-2.218
-2.240
-2.233
-2.218
-2.276
-2.197
-2.218
-2.204
-2.211
-2.197
-2.218
-2.189
-2.340
-2.189
-2.268
-2.218
-2.189
-2.225
-2.225
-2.247
-2.233
-2.175
-2.168
-2.261
-2.304
-2.204
-2.283
-2.240
-2.240
-2.233
-2.225
-2.218
-2.233
-2.261
-2.261
-2.261
-2.211
-2.261
-2.276
-2.225
-2.182
-2.197
-2.311
-2.218
-2.319
-2.297
-2.225
-2.197
-2.168
-2.204
-2.233
-2.175
-2.168
-2.304
-2.283
-2.168
-2.247
-2.276
-2.225
-2.197
-2.204
-2.254
-2.225
-2.197
-2.189
-2.268
-2.261
-2.247
-2.254
-2.319
-2.290
-2.211
-2.197
-2.233
-2.297
-2.175
-2.197
-2.283
-2.132
-2.290
-2.283
-2.268
-2.204
-2.189
-2.276
-2.189
-2.297
-2.247
-2.326
-2.175
-2.189
-2.261
-2.211
-2.211
-2.261
-2.240
-2.161
-2.218
-2.211
-2.218
-2.254
-2.211
-2.240
-2.189
-2.304
-2.290
-2.175
-2.290
-2.189
-2.304
-2.254
-2.297
-2.297
-2.319
-2.276
-2.204
-2.254
-2.247
-2.197
-2.233
-2.290
-2.225
-2.197
-2.189
-2.340
-2.233
-2.197
-2.268
-2.233
-2.297
-2.261
-2.211
-2.268
-2.240
-2.139
-2.268
-2.290
-2.254
-2.261
-2.218
-2.197
-2.175
-2.283
-2.290
-2.326
-2.261
-2.254
-2.233
-2.225
-2.197
-2.311
-2.290
-2.254
-2.304
-2.146
-2.304
-2.261
-2.276
-2.225
-2.225
-2.175
-2.204
-2.261
-2.225
-2.211
-2.261
-2.168
-2.247
-2.175
-2.290
-2.340
-2.182
-2.197
-2.283
-2.290
-2.189
-2.247
-2.240
-2.204
-2.333
-2.139
-2.146
-2.297
-2.276
-2.304
-2.261
-2.247
-2.261
-2.204
-2.247
-2.333
-2.225
-2.146
-2.204
-2.197
-2.276
-2.218
-2.240
-2.283
-2.268
-2.247
-2.175
-2.218
-2.311
-2.268
-2.211
-2.254
-2.182
-2.254
-2.189
-2.283
-2.290
-2.182
-2.326
-2.290
-2.326
-2.276
-2.268
-2.161
-2.197
-2.283
-2.254
-2.254
-2.197
-2.383
-2.247
-2.233
-2.276
-2.290
-2.233
-2.233
-2.254
-2.233
-2.197
-2.268
-2.283
-2.197
-2.261
-2.218
-2.383
-2.333
-2.311
-2.189
-2.175
-2.233
-2.218
-2.204
-2.333
-2.247
-2.268
-2.197
-2.233
-2.347
-2.240
-2.218
-2.261
-2.197
-2.276
-2.225
-2.276
-2.326
-2.197
-2.276
-2.319
-2.218
-2.283
-2.168
-2.240
-2.276
-2.240
-2.161
-2.276
-2.182
-2.233
-2.398
-2.261
-2.254
-2.240
-2.355
-2.197
-2.283
-2.297
-2.276
-2.182
-1.400
-2.304
-2.290
-2.204
-2.247
-2.218
-2.268
-2.182
-2.326
-2.319
-2.233
-2.233
-2.268
-2.319
-2.189
-2.304
-2.319
-2.268
-2.276
-2.276
-2.225
-2.218
-2.304
-2.347
-2.240
-2.268
-2.326
-2.261
-2.233
-2.268
-2.268
-2.233
-2.233
-2.319
-2.261
-2.225
-2.218
-2.168
-2.297
-2.240
-2.189
-2.311
-2.168
-2.261
-2.268
-2.290
-2.211
-2.276
-2.204
-2.297
-2.233
-2.261
-2.304
-2.319
-2.247
-2.182
-2.340
-2.261
-2.304
-2.297
-2.297
-2.225
-2.347
-2.383
-2.333
-2.233
-2.139
-2.247
-2.283
-2.240
-2.225
-2.268
-2.340
-2.197
-2.319
-2.268
-2.347
-2.218
-2.304
-2.355
-2.197
-2.319
-2.283
-2.304
-2.268
-2.261
-2.283
-2.240
-2.261
-2.362
-2.204
-2.276
-2.290
-2.204
-2.218
-2.204
-2.290
-2.333
-2.304
-2.139
-2.189
-2.319
-2.204
-2.233
-2.211
-2.261
-2.276
-2.304
-2.240
-2.189
-2.168
-2.311
-2.268
-2.182
-2.276
-2.254
-2.304
-2.204
-2.254
-2.311
-2.261
-2.355
-2.297
-2.276
-2.247
-2.211
-2.218
-2.261
-2.297
-2.297
-2.283
-2.355
-2.247
-2.240
-2.347
-2.233
-2.276
-2.283
-2.276
-2.197
-2.254
-2.304
-2.297
-2.211
-2.268
-2.161
-2.204
-2.268
-2.347
-2.304
-2.225
-2.233
-2.261
-2.233
-2.276
-2.211
-2.225
-2.182
-2.290
-2.283
-2.261
-2.197
-2.225
-2.319
-2.268
-2.290
-2.240
-2.225
-2.319
-2.268
-2.254
-2.326
-2.283
-2.247
-2.347
-2.347
-2.197
-2.319
-2.290
-2.261
-2.297
-2.254
-2.261
-2.182
-2.297
-2.311
-2.247
-2.218
-2.254
-2.347
-2.240
-2.276
-2.268
-2.218
-2.211
-2.204
-2.347
-2.355
-2.247
-2.118
-2.319
-2.268
-2.304
-2.225
-2.319
-2.311
-2.276
-2.319
-2.247
-2.319
-2.189
-2.311
-2.261
-2.233
-2.225
-2.233
-2.347
-2.268
-2.182
-2.211
-2.355
-2.268
-2.283
-2.333
-2.283
-2.297
-2.247
-2.340
-2.225
-2.247
-2.268
-2.311
-2.261
-2.283
-2.340
-2.326
-2.225
-2.261
-2.333
-2.311
-2.218
-2.225
-2.304
-2.326
