-0.129
-0.165
-0.201
-0.237
-0.258
-0.266
-0.273
-0.258
-0.187
-0.301
-0.309
-0.251
-0.215
-0.258
-0.280
-0.330
-0.215
-0.258
-0.352
-0.309
-0.280
-0.301
-0.301
-0.187
-0.251
-0.258
-0.280
-0.251
-0.266
-0.301
-0.266
-0.352
-0.366
-0.323
-0.287
-0.230
-0.273
-0.266
-0.223
-0.230
-0.251
-0.345
-0.258
-0.294
-0.280
-0.237
-0.337
-0.287
-0.388
-0.395
-0.359
-0.266
-0.273
-0.424
-0.337
-0.416
-0.266
-0.352
-0.244
-0.330
-0.280
-0.352
-0.187
-0.330
-0.337
-0.395
-0.323
-0.345
-0.266
-0.251
-0.337
-0.301
-0.345
-0.301
-0.294
-0.323
-0.273
-0.258
-0.402
-0.445
-0.301
-0.187
-0.323
-0.287
-0.337
-0.352
-0.330
-0.359
-0.280
-0.294
-0.215
-0.380
-0.395
-0.287
-0.424
-0.208
-0.345
-0.345
-0.287
-0.309
-0.330
-0.366
-0.345
-0.402
-0.309
-0.330
-0.294
-0.280
-0.366
-0.352
-0.402
-0.366
-0.366
-0.330
-0.359
-0.352
-0.266
-0.337
-0.345
-0.359
-0.359
-0.266
-0.337
-0.395
-0.380
-0.309
-0.373
-0.395
-0.359
-0.352
-0.352
-0.395
-0.366
-0.323
-0.352
-0.266
-0.345
-0.352
-0.524
-0.330
-0.258
-0.431
-0.366
-0.294
-0.323
-0.445
-0.402
-0.388
-0.395
-0.330
-0.294
-0.309
-0.309
-0.323
-0.424
-0.345
-0.452
-0.395
-0.158
-0.388
-0.424
-0.431
-0.409
-0.395
-0.402
-0.309
-0.366
-0.409
-0.287
-0.273
-0.416
-0.294
-0.309
-0.330
-0.467
-0.380
-0.380
-0.431
-0.373
-0.266
-0.424
-0.345
-0.323
-0.502
-0.352
-0.402
-0.366
-0.337
-0.402
-0.359
-0.337
-0.294
-0.409
-0.388
-0.345
-0.481
-0.395
-0.452
-0.345
-0.416
-0.424
-0.352
-0.495
-0.452
-0.266
-0.373
-0.402
-0.438
-0.395
-0.366
-0.452
-0.438
-0.366
-0.373
-0.402
-0.373
-0.452
-0.359
-0.502
-0.345
-0.337
-0.510
-0.467
-0.273
-0.424
-0.438
-0.467
-0.373
-0.337
-0.431
-0.402
-0.380
-0.474
-0.409
-0.388
-0.316
-0.380
-0.402
-0.345
-0.345
-0.337
-0.388
-0.416
-0.359
-0.481
-0.373
-0.323
-0.345
-0.409
-0.431
-0.359
-0.388
-0.459
-0.380
-0.395
-0.502
-0.416
-0.459
-0.359
-0.474
-0.488
-0.380
-0.359
-0.438
-0.431
-0.330
-0.416
-0.409
-0.409
-0.395
-0.409
-0.359
-0.373
-0.380
-0.388
-0.395
-0.380
-0.467
-0.409
-0.337
-0.467
-0.316
-0.395
-0.424
-0.352
-0.345
-0.409
-0.467
-0.431
-0.323
-0.395
-0.366
-0.409
-0.424
-0.359
-0.359
-0.380
-0.474
-0.424
-0.359
-0.467
-0.294
-0.395
-0.431
-0.424
-0.366
-0.452
-0.409
-0.388
-0.402
-0.409
-0.474
-0.459
-0.409
-0.359
-0.402
-0.388
-0.416
-0.395
-0.273
-0.431
-0.373
-0.395
-0.431
-0.416
-0.388
-0.395
-0.495
-0.352
-0.416
-0.424
-0.517
-0.409
-0.345
-0.502
-0.474
-0.373
-0.488
-0.395
-0.438
-0.431
-0.395
-0.488
-0.395
-0.510
-0.459
-0.301
-0.452
-0.481
-0.402
-0.395
-0.373
-0.431
-0.495
-0.380
-0.459
-0.431
-0.495
-0.416
-0.380
-0.438
-0.380
-0.373
-0.467
-0.474
-0.452
-0.402
-0.452
-0.517
-0.495
-0.431
-0.445
-0.424
-0.445
-0.373
-0.388
-0.459
-0.481
-0.395
-0.502
-0.388
-0.467
-0.416
-0.373
-0.416
-0.431
-0.459
-0.467
-0.474
-0.431
-0.416
-0.445
-0.481
-0.474
-0.424
-0.510
-0.481
-0.452
-0.517
-0.409
-0.445
-0.445
-0.424
-0.431
-0.388
-0.510
-0.438
-0.481
-0.495
-0.352
-0.388
-0.495
-0.431
-0.409
-0.481
-0.424
-0.502
-0.445
-0.409
-0.438
-0.424
-0.438
-0.488
-0.424
-0.452
-0.481
-0.502
-0.488
-0.445
-0.502
-0.502
-0.395
-0.452
-0.424
-0.488
-0.409
-0.359
-0.416
-0.424
-0.452
-0.510
-0.438
-0.481
-0.517
-0.459
-0.510
-0.510
-0.546
-0.309
-0.409
-0.388
-0.431
-0.452
-0.395
-0.452
-0.459
-0.330
-0.402
-0.696
-0.438
-0.495
-0.574
-0.438
-0.474
-0.431
-0.359
-0.502
-0.452
-0.510
-0.495
-0.467
-0.380
-0.459
-0.567
-0.438
-0.416
-0.495
-0.431
-0.488
-0.452
-0.502
-0.431
-0.459
-0.517
-0.438
-0.373
-0.452
-0.431
-0.467
-0.517
-0.495
-0.538
-0.502
-0.502
-0.431
-0.424
-0.574
-0.452
-0.438
-0.481
-0.416
-0.359
-0.445
-0.330
-0.431
-0.366
-0.474
-0.481
-0.366
-0.524
-0.488
-0.502
-0.416
-0.438
-0.474
-0.452
-0.431
-0.445
-0.488
-0.467
-0.459
-0.474
-0.467
-0.510
-0.553
-0.467
-0.294
-0.459
-0.467
-0.445
-0.467
-0.531
-0.459
-0.495
-0.409
-0.474
-0.495
-0.445
-0.474
-0.459
-0.481
-0.402
-0.445
-0.510
-0.546
-0.481
-0.366
-0.488
-0.474
-0.409
-0.459
-0.481
-0.424
-0.438
-0.352
-0.388
-0.445
-0.474
-0.488
-0.524
-0.459
-0.510
-0.488
-0.445
-0.517
-0.488
-0.481
-0.538
-0.438
-0.488
-0.438
-0.459
-0.452
-0.531
-0.524
-0.481
-0.467
-0.481
-0.395
-0.524
-0.488
-0.345
-0.531
-0.560
-0.517
-0.474
-0.510
-0.488
-0.510
-0.445
-0.510
-0.452
-0.502
-0.373
-0.452
-0.510
-0.567
-0.510
-0.596
-0.474
-0.409
-0.459
-0.481
-0.567
-0.531
-0.474
-0.445
-0.474
-0.495
-0.445
-0.445
-0.502
-0.524
-0.424
-0.452
-0.538
-0.459
-0.510
-0.488
-0.517
-0.510
-0.366
-0.409
-0.510
-0.452
-0.424
-0.495
-0.388
-0.474
-0.531
-0.445
-0.452
-0.438
-0.502
-0.438
-0.488
-0.495
-0.373
-0.481
-0.438
-0.488
-0.488
-0.567
-0.502
-0.409
-0.510
-0.538
-0.467
-0.524
-0.553
-0.502
-0.373
-0.574
-0.452
-0.495
-0.474
-0.495
-0.474
-0.538
-0.502
-0.431
-0.452
-0.531
-0.617
-0.524
-0.502
-0.488
-0.488
-0.467
-0.524
-0.502
-0.445
-0.553
-0.495
-0.546
-0.517
-0.445
-0.502
-0.510
-0.445
-0.474
-0.510
-0.531
-0.502
-0.452
-0.409
-0.531
-0.474
-0.538
-0.409
-0.467
-0.560
-0.402
-0.488
-0.502
-0.452
-0.467
-0.574
-0.502
-0.481
-0.560
-0.495
-0.531
-0.495
-0.474
-0.517
-0.481
-0.409
-0.467
-0.517
-0.467
-0.474
-0.474
-0.531
-0.452
-0.488
-0.589
-0.531
-0.445
-0.610
-0.452
-0.452
-0.431
-0.481
-0.474
-0.424
-0.502
-0.531
-0.502
-0.502
-0.467
-0.560
-0.524
-0.467
-0.517
-0.452
-0.524
-0.452
-0.517
-0.445
-0.553
-0.402
-0.438
-0.452
-0.474
-0.517
-0.589
-0.524
-0.502
-0.502
-0.517
-0.546
-0.431
-0.517
-0.581
-0.546
-0.524
-0.488
-0.574
-0.546
-0.502
-0.380
-0.517
-0.431
-0.546
-0.524
-0.553
-0.560
-0.445
-0.574
-0.438
-0.459
-0.445
-0.445
-0.459
-0.510
-0.502
-0.467
-0.438
-0.452
-0.560
-0.567
-0.467
-0.416
-0.510
-0.524
-0.409
-0.481
-0.581
-0.581
-0.481
-0.481
-0.510
-0.495
-0.481
-0.416
-0.481
-0.560
-0.502
-0.495
-0.510
-0.531
-0.467
-0.495
-0.402
-0.589
-0.531
-0.467
-0.467
-0.502
-0.445
-0.488
-0.495
-0.452
-0.502
-0.510
-0.517
-0.553
-0.452
-0.438
-0.546
-0.546
-0.531
-0.495
-0.531
-0.524
-0.574
-0.495
-0.531
-0.459
-0.517
-0.517
-0.531
-0.524
-0.467
-0.481
-0.481
-0.488
-0.553
-0.445
-0.395
-0.567
-0.467
-0.517
-0.445
-0.502
-0.488
-0.481
-0.567
-0.546
-0.481
-0.495
-0.524
-0.567
-0.538
-0.546
-0.474
-0.531
-0.402
-0.474
-0.424
-0.531
-0.546
-0.452
-0.517
-0.574
-0.574
-0.531
-0.538
-0.517
-0.524
-0.445
-0.366
-0.546
-0.538
-0.416
-0.617
-0.502
-0.574
-0.581
-0.510
-0.517
-0.467
-0.502
-0.517
-0.431
-0.488
-0.502
-0.531
-0.553
-0.553
-0.438
-0.495
-0.438
-0.502
-0.517
-0.510
-0.560
-0.474
-0.524
-0.510
-0.474
-0.467
-0.538
-0.474
-0.553
-0.510
-0.488
-0.495
-0.510
-0.481
-0.452
-0.589
-0.524
-0.481
-0.546
-0.495
-0.474
-0.524
-0.445
-0.495
-0.524
-0.524
-0.452
-0.510
-0.524
-0.553
-0.524
-0.567
-0.474
-0.452
-0.438
-0.574
-0.481
-0.488
-0.495
-0.538
-0.531
-0.488
-0.510
-0.459
-0.510
-0.474
-0.402
-0.502
-0.467
-0.467
-0.467
-0.467
-0.560
-0.581
-0.510
-0.495
-0.524
-0.474
-0.531
-0.574
-0.553
-0.517
-0.481
-0.531
-0.488
-0.517
-0.502
-0.546
-0.538
-0.495
-0.495
-0.474
-0.632
-0.467
-0.474
-0.502
-0.531
-0.596
-0.495
-0.574
-0.524
-0.510
-0.488
-0.488
-0.452
-0.553
-0.581
-0.495
-0.510
-0.488
-0.553
-0.388
-0.574
-0.531
-0.538
-0.502
-0.589
-0.474
-0.589
-0.560
-0.610
-0.546
-0.424
-0.567
-0.639
-0.467
-0.524
-0.567
-0.416
-0.538
-0.567
-0.560
-0.510
-0.416
-0.467
-0.538
-0.538
-0.502
-0.510
-0.467
-0.502
-0.524
-0.625
-0.538
-0.495
-0.510
-0.553
-0.574
-0.495
-0.495
-0.546
-0.502
-0.488
-0.495
-0.546
-0.459
-0.495
-0.495
-0.409
-0.510
-0.531
-0.538
-0.510
-0.452
-0.488
-0.567
-0.596
-0.474
-0.531
-0.488
-0.488
-0.546
-0.596
-0.488
-0.560
-0.510
-0.495
-0.467
-0.517
-0.495
-0.452
-0.546
-0.452
-0.488
-0.481
-0.538
-0.531
-0.546
-0.632
-0.553
-0.538
-0.510
-0.538
-0.502
-0.438
-0.445
-0.560
-0.510
-0.517
-0.589
-0.531
-0.625
-0.502
-0.581
-0.538
-0.574
-0.452
-0.560
-0.517
-0.459
-0.445
-0.517
-0.502
-0.560
-0.524
-0.589
-0.502
-0.524
-0.553
-0.517
-0.488
-0.567
-0.502
-0.517
-0.474
-0.567
-0.617
-0.560
-0.531
-0.481
-0.488
-0.546
-0.474
-0.524
-0.603
-0.589
-0.481
-0.553
-0.510
-0.531
-0.553
-0.502
-0.596
-0.495
-0.531
-0.524
-0.553
-0.524
-0.574
-0.546
-0.610
-0.517
-0.524
-0.531
-0.502
-0.495
-0.567
-0.488
-0.517
-0.531
-0.502
-0.538
-0.495
-0.467
-0.581
-0.438
-0.546
-0.517
-0.531
-0.567
-0.431
-0.546
-0.531
-0.538
-0.653
-0.546
-0.524
-0.538
-0.459
-0.546
-0.574
-0.589
-0.589
-0.495
-0.438
-0.538
-0.567
-0.553
-0.632
-0.502
-0.510
-0.581
-0.510
-0.553
-0.553
-0.567
-0.567
-0.510
-0.546
-0.653
-0.632
-0.510
-0.510
-0.574
-0.517
-0.488
-0.567
-0.581
-0.546
-0.560
-0.546
-0.567
-0.531
-0.488
-0.517
-0.581
-0.538
-0.581
-0.481
-0.560
-0.517
-0.560
-0.538
-0.596
-0.481
-0.603
-0.517
-0.553
-0.538
-0.546
-0.510
-0.553
-0.560
-0.581
-0.560
-0.574
-0.495
-0.538
-0.517
-0.538
-0.502
-0.639
-0.589
-0.574
-0.481
-0.567
-0.567
-0.488
-0.510
-0.531
-0.502
-0.431
-0.560
-0.481
-0.488
-0.531
-0.495
-0.488
-0.603
-0.495
-0.581
-0.567
-0.574
-0.488
-0.517
-0.596
-0.481
-0.560
-0.474
-0.574
-0.632
-0.567
-0.567
-0.488
-0.531
-0.610
-0.510
-0.546
-0.560
-0.574
-0.574
-0.553
-0.524
-0.452
-0.574
-0.567
-0.581
-0.517
-0.495
-0.596
-0.510
-0.481
-0.502
-0.567
-0.502
-0.553
-0.589
-0.517
-0.560
-0.560
-0.524
-0.531
-0.495
-0.625
-0.538
-0.546
-0.617
-0.553
-0.581
-0.395
-0.589
-0.617
-0.502
-0.510
-0.467
-0.510
-0.560
-0.524
-0.574
-0.603
-0.531
-0.531
-0.553
-0.481
-0.668
-0.574
-0.495
-0.553
-0.502
-0.581
-0.567
-0.531
-0.646
-0.531
-0.560
-0.424
-0.560
-0.474
-0.553
-0.488
-0.574
-0.517
-0.488
-0.603
-0.603
-0.567
-0.567
-0.596
-0.502
-0.589
-0.546
-0.510
-0.617
-0.603
-0.510
-0.603
-0.445
-0.531
-0.581
-0.567
-0.467
-0.459
-0.546
-0.538
-0.467
-0.546
-0.538
-0.632
-0.546
-0.538
-0.538
-0.660
-0.524
-0.560
-0.502
-0.553
-0.467
-0.517
-0.589
-0.581
-0.538
-0.510
-0.560
-0.596
-0.517
-0.610
-0.546
-0.517
-0.495
-0.589
-0.546
-0.589
-0.610
-0.560
-0.567
-0.625
-0.546
-0.553
-0.531
-0.488
-0.546
-0.560
-0.488
-0.531
-0.538
-0.481
-0.560
-0.531
-0.510
-0.481
-0.610
-0.653
-0.610
-0.531
-0.581
-0.531
-0.589
-0.524
-0.581
-0.488
-0.567
-0.546
-0.560
-0.596
-0.495
-0.538
-0.546
-0.567
-0.596
-0.538
-0.546
-0.538
-0.531
-0.538
-0.653
-0.610
-0.524
-0.538
-0.524
-0.546
-0.452
-0.502
-0.646
-0.531
-0.546
-0.524
-0.610
-0.538
-0.517
-0.546
-0.560
-0.546
-0.567
-0.574
-0.531
-0.531
-0.459
-0.517
-0.574
-0.502
-0.510
-0.553
-0.495
-0.531
-0.589
-0.625
-0.474
-0.538
-0.581
-0.510
-0.653
-0.574
-0.546
-0.589
-0.596
-0.617
-0.524
-0.610
-0.546
-0.553
-0.538
-0.632
-0.517
-0.625
-0.632
-0.438
-0.603
-0.574
-0.581
-0.467
-0.646
-0.531
-0.524
-0.538
-0.517
-0.553
-0.445
-0.474
-0.538
-0.581
-0.524
-0.574
-0.581
-0.553
-0.603
-0.546
-0.553
-0.517
-0.589
-0.481
-0.632
-0.625
-0.524
-0.581
-0.538
-0.589
-0.574
-0.531
-0.510
-0.581
-0.510
-0.438
-0.531
-0.596
-0.581
-0.581
-0.610
-0.625
-0.610
-0.589
-0.538
-0.560
-0.524
-0.488
-0.538
-0.538
-0.596
-0.589
-0.510
-0.567
-0.531
-0.531
-0.567
-0.589
-0.553
-0.560
-0.553
-0.596
-0.617
-0.546
-0.639
-0.653
-0.474
-0.538
-0.431
-0.596
-0.546
-0.625
-0.617
-0.488
-0.596
-0.574
-0.517
-0.574
-0.495
-0.510
-0.625
-0.617
-0.538
-0.625
-0.603
-0.567
-0.510
-0.502
-0.531
-0.567
-0.538
-0.567
-0.567
-0.538
-0.596
-0.610
-0.610
-0.546
-0.546
-0.546
-0.510
-0.488
-0.474
-0.488
-0.567
-0.610
-0.617
-0.538
-0.517
-0.474
-0.488
-0.524
-0.531
-0.639
-0.560
-0.625
-0.567
-0.546
-0.567
-0.531
-0.546
-0.653
-0.538
-0.653
-0.467
-0.596
-0.474
-0.660
-0.581
-0.538
-0.610
-0.560
-0.524
-0.653
-0.617
-0.574
-0.567
-0.596
-0.589
-0.560
-0.625
-0.567
-0.452
-0.510
-0.524
-0.495
-0.589
-0.596
-0.531
-0.531
-0.567
-0.567
-0.646
-0.553
-0.524
-0.553
-0.560
-0.581
-0.495
-0.502
-0.574
-0.596
-0.467
-0.517
-0.668
-0.531
-0.467
-0.538
-0.567
-0.560
-0.531
-0.632
-0.589
-0.553
-0.596
-0.517
-0.589
-0.646
-0.553
-0.603
-0.524
-0.646
-0.589
-0.553
-0.632
-0.574
-0.546
-0.502
-0.610
-0.596
-0.517
-0.639
-0.553
-0.596
-0.546
-0.546
-0.567
-0.553
-0.546
-0.502
-0.596
-0.459
-0.459
-0.574
-0.531
-0.646
-0.546
-0.567
-0.560
-0.560
-0.560
-0.668
-0.682
-0.474
-0.538
-0.502
-0.517
-0.567
-0.610
-0.574
-0.546
-0.610
-0.531
-0.625
-0.538
-0.632
-0.538
-0.560
-0.502
-0.632
-0.538
-0.495
-0.546
-0.632
-0.538
-0.589
-0.510
-0.581
-0.603
-0.510
-0.502
-0.517
-0.510
-0.617
-0.510
-0.682
-0.517
-0.553
-0.488
-0.553
-0.517
-0.596
-0.502
-0.589
-0.474
-0.589
-0.546
-0.510
-0.531
-0.617
-0.531
-0.668
-0.531
-0.603
-0.603
-0.625
-0.632
-0.610
-0.510
-0.574
-0.589
-0.538
-0.531
-0.581
-0.546
-0.560
-0.517
-0.646
-0.589
-0.589
-0.488
-0.481
-0.581
-0.546
-0.517
-0.567
-0.531
-0.653
-0.574
-0.524
-0.632
-0.538
-0.596
-0.510
-0.546
-0.603
-0.581
-0.660
-0.603
-0.632
-0.854
-0.646
-0.553
-0.553
-0.502
-0.553
-0.553
-0.660
-0.567
-0.603
-0.596
-0.467
-0.574
-0.495
-0.668
-0.481
-0.603
-0.581
-0.617
-0.581
-0.524
-0.574
-0.625
-0.553
-0.510
-0.574
-0.596
-0.574
-0.581
-0.589
-0.589
-0.502
-0.567
-0.589
-0.546
-0.531
-0.553
-0.531
-0.531
-0.610
-0.531
-0.538
-0.589
-0.474
-0.546
-0.589
-0.510
-0.538
-0.625
-0.531
-0.574
-0.574
-0.625
-0.574
-0.610
-0.517
-0.596
-0.560
-0.538
-0.510
-0.560
-0.610
-0.567
-0.632
-0.560
-0.646
-0.553
-0.560
-0.646
-0.574
-0.646
-0.589
-0.517
-0.495
-0.632
-0.560
-0.603
-0.581
-0.502
-0.546
-0.581
-0.639
-0.653
-0.517
-0.538
-0.603
-0.581
-0.589
-0.531
-0.567
-0.603
-0.567
-0.553
-0.610
-0.474
-0.574
-0.675
-0.560
-0.538
-0.589
-0.581
-0.617
-0.553
-0.625
-0.632
-0.531
-0.610
-0.596
-0.675
-0.474
-0.474
-0.538
-0.610
-0.574
-0.617
-0.689
-0.589
-0.574
-0.675
-0.589
-0.603
-0.560
-0.603
-0.445
-0.610
-0.560
-0.581
-0.531
-0.581
-0.531
-0.553
-0.538
-0.553
-0.603
-0.538
-0.531
-0.574
-0.553
-0.610
-0.531
-0.474
-0.567
-0.589
-0.553
-0.567
-0.632
-0.524
-0.596
-0.553
-0.517
-0.495
-0.574
-0.567
-0.517
-0.524
-0.596
-0.574
-0.581
-0.610
-0.610
-0.596
-0.546
-0.445
-0.610
-0.589
-0.546
-0.617
-0.517
-0.610
-0.546
-0.574
-0.567
-0.639
-0.581
-0.639
-0.610
-0.603
-0.581
-0.474
-0.617
-0.682
-0.574
-0.581
-0.560
-0.617
-0.574
-0.610
-0.560
-0.524
-0.560
-0.546
-0.452
-0.524
-0.538
-0.632
-0.560
-0.567
-0.510
-0.517
-0.452
-0.574
-0.646
-0.531
-0.603
-0.488
-0.546
-0.560
-0.589
-0.574
-0.531
-0.589
-0.574
-0.632
-0.538
-0.596
-0.581
-0.603
-0.639
-0.603
-0.524
-0.581
-0.495
-0.574
-0.581
-0.581
-0.560
-0.596
-0.603
-0.531
-0.632
-0.574
-0.524
-0.625
-0.646
-0.617
-0.610
-0.603
-0.668
-0.617
-0.524
-0.546
-0.603
-0.560
-0.625
-0.553
-0.510
-0.495
-0.481
-0.502
-0.581
-0.632
-0.581
-0.567
-0.625
-0.524
-0.668
-0.581
-0.524
-0.524
-0.524
-0.646
-0.610
-0.625
-0.689
-0.567
-0.567
-0.488
-0.596
-0.538
-0.495
-0.560
-0.531
-0.639
-0.524
-0.668
-0.531
-0.546
-0.653
-0.603
-0.510
-0.581
-0.531
-0.725
-0.574
-0.725
-0.567
-0.660
-0.632
-0.538
-0.567
-0.574
-0.474
-0.510
-0.495
-0.488
-0.495
-0.517
-0.596
-0.531
-0.510
-0.646
-0.617
-0.574
-0.567
-0.574
-0.553
-0.510
-0.488
-0.625
-0.560
-0.495
-0.581
-0.617
-0.589
-0.553
-0.596
-0.560
-0.567
-0.589
-0.560
-0.625
-0.668
-0.467
-0.646
-0.596
-0.581
-0.589
-0.589
-0.668
-0.560
-0.617
-0.574
-0.567
-0.524
-0.481
-0.567
-0.538
-0.574
-0.546
-0.668
-0.574
-0.581
-0.574
-0.603
-0.603
-0.581
-0.581
-0.596
-0.682
-0.610
-0.553
-0.589
-0.668
-0.574
-0.675
-0.553
-0.567
-0.553
-0.617
-0.589
-0.668
-0.567
-0.538
-0.610
-0.546
-0.675
-0.589
-0.546
-0.553
-0.617
-0.589
-0.589
-0.596
-0.632
-0.589
-0.553
-0.617
-0.596
-0.581
-0.625
-0.495
-0.660
-0.589
-0.567
-0.567
-0.567
-0.581
-0.574
-0.596
-0.581
-0.531
-0.574
-0.625
-0.854
-0.546
-0.581
-0.589
-0.596
-0.553
-0.682
-0.567
-0.668
-0.589
-0.610
-0.495
-0.546
-0.668
-0.610
-0.625
-0.639
-0.510
-0.517
-0.524
-0.625
-0.495
-0.660
-0.646
-0.625
-0.581
-0.546
-0.567
-0.524
-0.653
-0.646
-0.567
-0.560
-0.581
-0.596
-0.660
-0.538
-0.574
-0.560
-0.517
-0.617
-0.546
-0.574
-0.639
-0.574
-0.546
-0.574
-0.531
-0.639
-0.660
-0.589
-0.553
-0.459
-0.589
-0.617
-0.617
-0.553
-0.610
-0.502
-0.589
-0.574
-0.560
-0.510
-0.610
-0.596
-0.589
-0.567
-0.675
-0.603
-0.560
-0.625
-0.567
-0.660
-0.581
-0.560
-0.603
-0.610
-0.581
-0.603
-0.574
-0.632
-0.675
-0.668
-0.632
-0.517
-0.517
-0.675
-0.632
-0.660
-0.517
-0.653
-0.538
-0.488
-0.675
-0.653
-0.639
-0.581
-0.646
-0.567
-0.517
-0.531
-0.581
-0.546
-0.581
-0.653
-0.553
-0.546
-0.481
-0.639
-0.574
-0.603
-0.524
-0.574
-0.617
-0.596
-0.589
-0.553
-0.517
-0.603
-0.668
-0.524
-0.639
-0.682
-0.617
-0.517
-0.531
-0.668
-0.617
-0.610
-0.546
-0.632
-0.567
-0.502
-0.495
-0.632
-0.589
-0.488
-0.603
-0.603
-0.589
-0.610
-0.660
-0.502
-0.603
-0.574
-0.653
-0.531
-0.517
-0.581
-0.610
-0.538
-0.589
-0.725
-0.639
-0.524
-0.617
-0.510
-0.632
-0.546
-0.596
-0.689
-0.589
-0.610
-0.567
-0.574
-0.589
-0.574
-0.639
-0.524
-0.596
-0.567
-0.553
-0.596
-0.603
-0.546
-0.711
-0.553
-0.481
-0.668
-0.625
-0.639
-0.538
-0.660
-0.596
-0.596
-0.610
-0.668
-0.517
-0.510
-0.531
-0.495
-0.517
-0.567
-0.517
-0.574
-0.610
-0.625
-0.510
-0.510
-0.517
-0.596
-0.581
-0.502
-0.546
-0.524
-0.596
-0.610
-0.560
-0.567
-0.581
-0.625
-0.632
-0.581
-0.567
-0.660
-0.574
-0.581
-0.610
-0.581
-0.560
-0.574
-0.538
-0.538
-0.560
-0.524
-0.639
-0.625
-0.546
-0.689
-0.668
-0.610
-0.617
-0.560
-0.632
-0.517
-0.589
-0.596
-0.538
-0.603
-0.553
-0.625
-0.567
-0.625
-0.610

