1.443
1.429
1.479
1.407
1.414
1.457
1.479
1.407
1.479
1.479
1.436
1.507
1.464
1.522
1.464
1.457
1.486
1.507
1.522
1.536
1.393
1.493
1.536
1.429
1.464
1.414
1.457
1.450
1.500
1.558
1.429
1.551
1.565
1.515
1.529
1.536
1.529
1.586
1.579
1.515
1.457
1.565
1.522
1.565
1.479
1.493
1.594
1.507
1.529
1.515
1.515
1.507
1.536
1.572
1.493
1.486
1.522
1.551
1.601
1.486
1.558
1.601
1.493
1.464
1.507
1.457
1.479
1.479
1.644
1.630
1.536
1.543
1.551
1.565
1.479
1.529
1.543
1.680
1.414
1.486
1.572
1.543
1.429
1.515
1.500
1.515
1.472
1.479
1.644
1.507
1.536
1.507
1.479
1.565
1.586
1.522
1.472
1.543
1.493
1.630
1.572
1.515
1.579
1.622
1.601
1.579
1.551
1.608
1.486
1.551
1.586
1.551
1.507
1.515
1.809
1.551
1.565
1.500
1.572
1.601
1.522
1.529
1.601
1.572
1.601
1.536
1.594
1.543
1.464
1.565
1.579
1.608
1.586
1.579
1.594
1.443
1.586
1.551
1.586
1.457
1.551
1.551
1.622
1.565
1.536
1.572
1.522
1.572
1.515
1.579
1.586
1.457
1.594
1.586
1.594
1.472
1.515
1.673
1.543
1.536
1.529
1.586
1.515
1.565
1.551
1.637
1.543
1.565
1.529
1.644
1.579
1.615
1.551
1.543
1.572
1.472
1.565
1.507
1.601
1.579
1.522
1.694
1.421
1.536
1.594
1.586
1.551
1.579
1.565
1.515
1.579
1.543
1.579
1.572
1.522
1.608
1.551
1.507
1.630
1.551
1.637
1.644
1.536
1.644
1.543
1.429
1.515
1.615
1.637
1.586
1.644
1.551
1.644
1.773
1.637
1.507
1.464
1.579
1.586
1.536
1.551
1.551
1.579
1.752
1.601
1.622
1.536
1.551
1.522
1.630
1.551
1.558
1.529
1.586
1.586
1.601
1.680
1.551
1.543
1.615
1.543
1.579
1.630
1.457
1.594
1.572
1.579
1.536
1.522
1.630
1.543
1.551
1.572
1.630
1.586
1.630
1.608
1.565
1.543
1.515
1.586
1.637
1.529
1.579
1.644
1.572
1.586
1.630
1.558
1.608
1.594
1.608
1.572
1.651
1.615
1.637
1.601
1.579
1.673
1.673
1.608
1.630
1.572
1.637
1.572
1.608
1.615
1.665
1.608
1.586
1.586
1.637
1.601
1.565
1.579
1.551
1.658
1.536
1.651
1.622
1.673
1.586
1.637
1.630
1.608
1.507
1.572
1.637
1.694
1.543
1.630
1.673
1.586
1.594
1.601
1.579
1.637
1.565
1.701
1.680
1.687
1.594
1.536
1.622
1.586
1.529
1.586
1.551
1.665
1.644
1.644
1.565
1.601
1.665
1.579
1.680
1.594
1.594
1.673
1.551
1.608
1.701
1.665
1.651
1.551
1.543
1.622
1.543
1.601
1.579
1.608
1.637
1.644
1.665
1.615
1.558
1.644
1.579
1.644
1.522
1.579
1.673
1.651
1.622
1.594
1.622
1.579
1.586
1.601
1.551
1.579
1.723
1.586
1.601
1.687
1.558
1.651
1.658
1.536
1.586
1.622
1.536
1.622
1.608
1.572
1.594
1.694
1.687
1.637
1.608
1.622
1.615
1.644
1.608
1.565
1.680
1.651
1.630
1.558
1.615
1.651
1.565
1.586
1.708
1.551
1.479
1.723
1.586
1.658
1.687
1.615
1.694
1.651
1.507
1.594
1.622
1.529
1.651
1.615
1.608
1.644
1.594
1.673
1.572
1.493
1.680
1.701
1.780
1.615
1.572
1.608
1.637
1.644
1.644
1.615
1.601
1.658
1.673
1.594
1.594
1.630
1.579
1.579
1.622
1.615
1.551
1.644
1.615
1.565
1.651
1.630
1.608
1.543
1.586
1.565
1.701
1.615
1.608
1.500
1.572
1.572
1.680
1.708
1.608
1.601
1.551
1.572
1.644
1.651
1.637
1.658
1.551
1.687
1.579
1.536
1.565
1.572
1.630
1.586
1.637
1.658
1.594
1.486
1.701
1.622
1.601
1.622
1.737
1.658
1.630
1.579
1.507
1.658
1.694
1.630
1.665
1.551
1.572
1.622
1.658
1.630
1.601
1.615
1.644
1.601
1.651
1.716
1.622
1.658
1.651
1.665
1.565
1.608
1.622
1.637
1.601
1.680
1.558
1.673
1.680
1.608
1.665
1.665
1.594
1.759
1.637
1.716
1.665
1.536
1.608
1.687
1.694
1.594
1.802
1.687
1.658
1.701
1.622
1.701
1.536
1.651
1.708
1.608
1.687
1.658
1.694
1.572
1.673
1.644
1.622
1.630
1.637
1.608
1.680
1.586
1.744
1.687
1.572
1.637
1.622
1.586
1.622
1.637
1.673
1.622
1.608
1.565
1.665
1.665
1.572
1.687
1.637
1.601
1.579
1.594
1.622
1.601
1.637
1.651
1.615
1.594
1.630
1.644
1.665
1.558
1.680
1.701
1.644
1.651
1.608
1.651
1.637
1.694
1.529
1.579
1.637
1.744
1.673
1.665
1.737
1.436
1.536
1.701
1.665
1.615
1.680
1.615
1.637
1.665
1.658
1.665
1.565
1.644
1.644
1.744
1.687
1.730
1.687
1.680
1.687
1.637
1.615
1.637
1.737
1.630
1.716
1.630
1.594
1.687
1.644
1.586
1.665
1.723
1.615
1.730
1.708
1.701
1.701
1.665
1.680
1.673
1.601
1.637
1.637
1.658
1.673
1.665
1.737
1.766
1.665
1.694
1.651
1.608
1.658
1.730
1.579
1.608
1.673
1.644
1.644
1.551
1.558
1.586
1.716
1.608
1.615
1.644
1.579
1.551
1.601
1.637
1.701
1.551
1.622
1.572
1.665
1.637
1.651
1.658
1.579
1.579
1.658
1.665
1.658
1.708
1.673
1.708
1.665
1.687
1.637
1.644
1.651
1.586
1.565
1.658
1.673
1.644
1.637
1.687
1.644
1.572
1.644
1.694
1.579
1.658
1.637
1.730
1.651
1.673
1.637
1.658
1.694
1.558
1.658
1.651
1.572
1.594
1.630
1.680
1.637
1.630
1.716
1.723
1.644
1.630
1.658
1.723
1.637
1.630
1.615
1.716
1.608
1.630
1.658
1.651
1.601
1.680
1.744
1.644
1.630
1.752
1.673
1.658
1.716
1.644
1.730
1.594
1.622
1.687
1.615
1.558
1.637
1.687
1.651
1.651
1.723
1.744
1.644
1.637
1.644
1.701
1.651
1.630
1.644
1.630
1.680
1.543
1.622
1.701
1.608
1.615
1.637
1.687
1.708
1.687
1.630
1.658
1.680
1.665
1.601
1.658
1.644
1.708
1.680
1.673
1.680
1.644
1.615
1.651
1.687
1.644
1.694
1.730
1.752
1.658
1.673
1.687
1.708
1.708
1.615
1.644
1.680
1.752
1.701
1.601
1.708
1.637
1.687
1.730
1.701
1.694
1.594
1.716
1.708
1.622
1.694
1.701
1.680
1.651
1.694
1.601
1.766
1.687
1.708
1.637
1.694
1.694
1.658
1.708
1.644
1.723
1.637
1.644
1.630
1.701
1.651
1.787
1.565
1.723
1.823
1.759
1.615
1.680
1.694
1.579
1.694
1.630
1.665
1.665
1.816
1.766
1.723
1.608
1.723
1.701
1.716
1.701
1.594
1.708
1.687
1.687
1.737
1.565
1.558
1.680
1.744
1.673
1.637
1.630
1.701
1.716
1.737
1.630
1.637
1.579
1.716
1.680
1.651
1.630
1.680
1.694
1.680
1.694
1.658
1.673
1.608
1.622
1.658
1.701
1.658
1.622
1.586
1.701
1.665
1.630
1.687
1.809
1.665
1.730
1.680
1.687
1.665
1.644
1.773
1.658
1.737
1.601
1.608
1.687
1.658
1.644
1.723
1.701
1.615
1.701
1.723
1.665
1.673
1.572
1.730
1.723
1.744
1.744
1.658
1.680
1.665
1.673
1.716
1.708
1.658
1.673
1.737
1.651
1.708
1.644
1.651
1.565
1.708
1.658
1.579
1.651
1.680
1.708
1.644
1.644
1.644
1.701
1.665
1.665
1.637
1.723
1.766
1.680
1.651
1.708
1.500
1.572
1.680
1.651
1.773
1.780
1.637
1.565
1.665
1.759
1.651
1.644
1.615
1.802
1.723
1.759
1.680
1.665
1.615
1.608
1.744
1.665
1.637
1.665
1.651
1.716
1.701
1.658
1.586
1.680
1.694
1.608
1.673
1.687
1.615
1.673
1.579
1.708
1.630
1.680
1.723
1.708
1.622
1.701
1.787
1.716
1.565
1.708
1.723
1.436
1.658
1.780
1.651
1.622
1.730
1.773
1.644
1.673
1.708
1.694
1.622
1.752
1.601
1.694
1.586
1.651
1.680
1.673
1.744
1.615
1.673
1.665
1.658
1.708
1.579
1.515
1.665
1.658
1.644
1.723
1.687
1.673
1.730
1.651
1.673
1.673
1.780
1.637
1.708
1.586
1.708
1.766
1.651
1.694
1.723
1.701
1.673
1.637
1.694
1.759
1.615
1.687
1.737
1.687
1.665
1.630
1.651
1.708
1.723
1.730
1.586
1.737
1.737
1.651
1.680
1.701
1.773
1.637
1.773
1.823
1.507
1.608
1.673
1.680
1.608
1.637
1.694
1.701
1.680
1.737
1.687
1.665
1.752
1.773
1.687
1.680
1.651
1.852
1.780
1.673
1.701
1.730
1.658
1.680
1.565
1.708
1.730
1.766
1.744
1.665
1.630
1.558
1.673
1.716
1.586
1.630
1.694
1.558
1.630
1.658
1.622
1.687
1.687
1.737
1.723
1.572
1.673
1.687
1.673
1.730
1.701
1.644
1.752
1.730
1.680
1.730
1.500
1.637
1.737
1.658
1.644
1.723
1.644
1.630
1.608
1.608
1.737
1.658
1.701
1.737
1.615
1.759
1.601
1.723
1.737
1.737
1.601
1.644
1.658
1.680
1.744
1.658
1.744
1.730
1.637
1.701
1.744
1.759
1.708
1.737
1.579
1.658
1.551
1.687
1.716
2.060
1.644
1.694
1.644
1.744
1.644
1.601
1.594
1.687
1.651
1.658
1.716
1.716
1.637
1.665
1.759
1.795
1.630
1.694
1.665
1.759
1.694
1.680
1.737
1.787
1.594
1.708
1.658
1.637
1.744
1.701
1.673
1.615
1.701
1.752
1.773
1.687
1.579
1.673
1.579
1.708
1.708
1.723
1.594
1.651
1.694
1.716
1.773
1.644
1.651
1.644
1.737
1.558
1.673
1.673
1.658
1.673
1.673
1.665
1.694
1.630
1.644
1.759
1.759
1.737
1.759
1.787
1.752
1.665
1.694
1.708
1.644
1.708
1.579
1.665
1.680
1.630
1.752
1.673
1.630
1.615
1.780
1.680
1.651
1.586
1.759
1.687
1.673
1.680
1.708
1.701
1.773
1.708
1.708
1.665
1.651
1.651
1.809
1.673
1.630
1.687
1.716
1.701
1.708
1.687
1.780
1.558
1.723
1.701
1.766
1.673
1.594
1.694
1.615
1.701
1.680
1.708
1.780
1.737
1.708
1.680
1.759
1.630
1.737
1.651
1.680
1.759
1.630
1.665
1.687
1.658
1.637
1.701
1.658
1.673
1.644
1.644
1.730
1.787
1.665
1.658
1.630
1.795
1.680
1.723
1.723
1.543
1.658
1.630
1.752
1.737
1.673
1.716
1.665
1.723
1.680
1.687
1.701
1.637
1.723
1.737
1.687
1.680
1.716
1.644
1.773
1.637
1.766
1.680
1.737
1.694
1.723
1.708
1.723
1.673
1.716
1.809
1.680
1.687
1.601
1.723
1.730
1.622
1.378
1.630
1.665
2.032
1.744
1.601
1.572
1.608
1.780
1.701
1.708
1.787
1.630
1.766
1.701
1.730
1.723
1.658
1.795
1.737
1.716
1.680
1.665
1.622
1.651
1.730
1.701
1.744
1.723
1.658
1.744
1.737
1.630
1.716
1.730
1.651
1.787
1.594
1.658
1.773
1.744
1.708
1.680
1.737
1.780
1.773
1.708
1.708
1.673
1.716
1.680
1.687
1.708
1.543
1.665
1.752
1.651
1.737
1.658
1.744
1.802
1.701
1.680
1.716
1.694
1.680
1.701
1.644
1.680
1.687
1.687
1.759
1.744
1.673
1.665
1.723
1.723
1.708
1.766
1.637
1.723
1.716
1.723
1.766
1.680
1.701
1.673
1.701
1.701
1.701
1.622
1.795
1.680
1.730
1.658
1.694
1.752
1.694
1.694
1.622
1.630
1.694
1.730
1.687
1.744
1.766
1.723
1.680
1.787
1.651
1.687
1.708
1.787
1.773
1.651
1.744
1.658
1.658
1.665
1.716
1.730
1.737
1.773
1.759
1.701
1.723
1.680
1.694
1.680
1.737
1.665
1.759
1.658
1.644
1.644
1.673
1.694
1.673
1.744
1.737
1.658
1.658
1.752
1.601
1.687
1.694
1.658
1.730
1.630
1.701
1.737
1.701
1.644
1.608
1.694
1.816
1.701
1.701
1.716
1.651
1.802
1.658
1.716
1.716
1.694
1.665
1.716
1.802
1.716
1.687
1.759
1.759
1.780
1.665
1.773
1.708
1.795
1.723
1.759
1.673
1.737
1.744
1.730
1.680
1.766
1.651
1.759
1.651
1.680
1.658
1.708
1.680
1.658
1.680
1.730
1.737
1.579
1.795
1.816
1.680
1.723
1.716
1.665
1.694
1.744
1.673
1.773
1.708
1.759
1.737
1.780
1.694
1.730
1.831
1.780
1.665
1.665
1.737
1.708
1.687
1.759
1.838
1.723
1.809
1.644
1.673
1.730
1.622
1.752
1.658
1.579
1.737
1.723
1.802
1.673
1.658
1.708
1.708
1.680
1.716
1.701
1.730
1.759
1.694
1.766
1.716
1.708
1.744
1.759
1.737
1.766
1.816
1.716
1.701
1.716
1.630
1.716
1.694
1.687
1.773
1.773
1.744
1.716
1.708
1.701
1.694
1.809
1.787
1.644
1.701
1.687
1.838
1.701
1.716
1.673
1.687
1.622
1.716
1.744
1.680
1.701
1.795
1.744
1.651
1.644
1.773
1.708
1.708
1.795
1.795
1.730
1.694
1.737
1.795
1.708
1.744
1.766
1.673
1.816
1.744
1.716
1.737
1.665
1.737
1.716
1.730
1.816
1.680
1.773
1.708
1.802
1.651
1.708
1.665
1.744
1.716
1.787
1.752
1.816
1.773
1.644
1.787
1.759
1.708
1.802
1.737
1.723
1.658
1.730
1.708
1.730
1.716
1.730
1.694
1.795
1.680
1.673
1.694
1.752
1.658
1.615
1.716
1.637
1.766
1.766
1.558
1.680
1.773
1.759
1.845
1.615
1.608
1.701
1.766
1.673
1.730
1.701
1.787
1.737
1.708
1.716
1.744
1.752
1.716
1.773
1.723
1.759
1.744
1.744
1.716
1.752
1.780
1.752
1.744
1.701
1.773
1.644
1.694
1.787
1.737
1.637
1.716
1.737
1.773
1.730
1.766
1.845
1.737
1.680
1.737
1.795
1.594
1.701
1.773
1.737
1.730
1.630
1.708
1.665
1.687
1.608
1.708
1.752
1.723
1.673
1.658
1.673
1.644
1.680
1.780
1.701
1.701
1.644
1.802
1.651
1.730
1.687
1.802
1.694
1.780
1.752
1.730
1.773
1.723
1.730
1.780
1.773
1.759
1.644
1.716
1.630
1.694
1.752
1.802
1.759
1.673
1.823
1.658
1.780
1.651
1.773
1.737
1.816
1.694
1.759
1.752
1.665
1.716
1.730
1.744
1.658
1.665
1.716
1.759
1.716
1.665
1.823
1.888
1.744
1.680
1.694
1.730
1.759
1.730
1.716
1.773
1.694
1.716
1.673
1.752
1.752
1.737
1.665
1.759
1.687
1.658
1.716
1.795
1.694
1.708
1.716
1.701
1.708
1.752
1.787
1.787
1.658
1.694
1.622
1.644
1.730
1.680
1.831
1.716
1.644
1.694
1.744
1.701
1.737
1.752
1.701
1.852
1.687
1.795
1.737
1.730
1.651
1.744
1.795
1.687
1.687
1.701
1.723
1.730
1.644
1.716
1.780
1.694
1.716
1.730
1.730
1.773
1.723
1.716
1.687
1.708
1.701
1.737
1.780
1.630
1.773
1.780
1.680
1.716
1.594
1.752
1.759
1.744
1.687
1.730
1.716
1.687
1.809
1.708
1.723
1.759
1.665
1.773
1.651
1.730
1.759
1.759
1.687
1.744
1.708
1.716
1.723
1.744
1.759
1.730
1.752
1.773
1.723
1.809
1.665
1.766
1.622
1.716
1.744
1.723
1.730
1.744
1.708
1.823
1.744
1.701
1.737
1.737
1.737
1.823
1.744
1.658
1.651
1.730
1.744
1.737
1.651
1.730
1.773
1.730
1.845
1.701
1.730
1.752
1.694
1.759
1.701
1.716
1.716
1.694
1.831
1.694
1.773
1.723
1.730
1.644
1.752
1.773
1.752
1.694
1.694
1.752
1.780
1.773
1.673
1.773
1.730
1.687
1.687
1.773
1.802
1.737
1.752
1.673
1.651
1.795
1.730
1.673
1.730
1.708
1.687
1.680
1.787
1.852
1.773
1.759
1.831
1.744
1.730
1.759
1.658
1.708
1.680
1.787
1.773
1.780
1.737
1.780
1.780
1.665
1.637
1.787
1.744
1.716
1.730
1.630
1.716
1.694
1.744
1.708
1.737
1.780
1.737
1.759
1.687
1.708
1.802
1.744
1.723
1.816
1.773
1.658
1.787
1.730
1.730
1.665
1.701
1.730
1.752
1.759
1.665
1.694
1.637
1.773
1.730
1.744
1.723
1.809
1.766
1.565
1.701
1.859
1.701
1.752
1.716
1.816
1.744
1.773
1.744
1.744
1.787
1.752
1.680
1.766
1.680
1.701
1.859
1.737
3.532
1.780
1.795
1.831
1.701
1.723
1.701
1.694
1.694
1.701
1.737
1.708
1.773
1.752
1.773
1.687
1.687
1.787
1.716
1.694
1.752
1.752
1.651
1.795
1.845
1.802
1.737
1.701
1.694
1.730
1.716
1.723
1.802
1.730
1.716
1.737
1.637
1.651
1.701
1.665
1.687
1.795
1.716
1.723
1.766
1.766
1.773
1.744
1.687
1.716
1.737
1.773
1.723
1.730
1.795
1.802
1.723
1.802
1.766
1.752
1.787
1.723
1.787
1.730
1.766
1.752
1.730
1.673
1.773
1.716
1.708
1.802
1.716
1.759
1.773
1.701
1.694
1.809
1.723
1.680
1.802
1.759
1.680
1.716
1.823
1.708
1.701
1.630
1.723
1.744
1.744
1.701
1.759
1.658
1.701
1.708
1.759
1.658
1.730
1.859
1.716
1.701
1.780
1.680
1.744
1.744
1.716
1.737
1.730
1.787
1.809
1.744
1.673
1.708
1.716
1.723
1.744
1.730
1.766
1.809
1.816
1.838
1.773
1.701
1.809
1.701
1.701
1.673
1.694
1.680
1.658
1.838
1.809
1.694
1.708
1.759
1.759
1.773
1.708
1.680
1.716
1.716
1.787
1.723
1.766
1.716
1.658
1.773
1.730
1.680
1.680
1.744
1.766
1.795
1.787
1.730
1.716
1.579
1.601
1.622
1.687
1.730
1.845
1.730
1.594
1.716
1.766
1.773
1.701
1.730
1.795
1.759
1.730
1.716
1.888
1.752
1.795
1.716
1.665
1.680
1.730
1.795
1.802
1.673
1.787
1.730
1.723
1.708
1.708
1.752
1.787
1.737
1.716
1.701
1.752
1.644
1.737
1.673
1.737
1.744
1.723
1.737
1.673
1.759
1.708
1.759
1.673
1.780
1.723
1.773
1.730
1.744
1.730
1.780
1.673
1.773
1.759
1.752
1.737
1.586
1.723
1.752
1.737
1.687
1.759
1.730
1.737
1.701
1.752
1.787
1.673
1.744
1.687
1.737
1.780
1.723
1.845
1.716
1.665
1.665
1.802
1.809
1.737
1.730
1.708
1.687
1.687
1.766
1.687
1.730
1.723
1.766
1.759
1.766
1.708
1.744
1.716
1.744
1.744
1.809
1.759
1.723
1.773
1.787
1.730
1.737
1.816
1.752
1.694
1.716
1.744
1.816
1.773
1.673
1.787
1.787
1.730
1.730
1.809
1.752
1.802
1.673
1.737
1.787
1.766
1.723
1.737
1.852
1.701
1.637
1.787
1.687
1.737
1.694
1.744
1.701
1.759
1.723
1.708
1.802
1.708
1.680
1.780
1.780
1.766
1.723
1.787
0.007
1.744
1.701
1.680
1.716
1.673
1.773
1.766
1.866
1.730
1.694
1.780
1.701
1.716
1.723
1.766
1.823
1.773
1.687
1.752
1.744
1.680
1.723
1.651
1.737
1.673
1.701
1.831
1.737
1.759
1.787
1.744

