-0.761
-0.754
-0.768
-0.847
-0.854
-0.833
-0.818
-0.897
-0.869
-0.833
-0.861
-0.940
-0.948
-0.926
-0.861
-0.904
-0.782
-0.861
-0.883
-0.926
-0.869
-0.926
-0.883
-0.983
-0.854
-0.933
-0.991
-0.955
-0.962
-0.840
-0.890
-0.969
-0.833
-0.919
-0.818
-0.933
-0.904
-0.998
-0.969
-0.969
-1.048
-0.991
-1.019
-1.055
-0.940
-0.976
-0.998
-1.005
-0.940
-1.062
-0.998
-0.948
-0.933
-1.084
-0.998
-0.948
-1.019
-0.962
-1.070
-1.048
-0.998
-0.940
-1.019
-1.012
-1.012
-1.055
-1.070
-0.962
-1.055
-1.005
-1.019
-1.019
-1.005
-1.005
-0.991
-1.055
-1.027
-1.027
-1.027
-1.077
-1.113
-1.027
-1.027
-1.055
-1.163
-1.019
-1.113
-1.091
-1.034
-1.062
-1.005
-1.034
-1.034
-1.005
-1.034
-1.062
-1.048
-1.048
-1.134
-1.105
-1.041
-1.077
-1.149
-0.991
-1.041
-1.113
-1.113
-1.077
-1.134
-1.220
-1.084
-1.156
-1.149
-1.070
-1.134
-1.077
-0.976
-1.091
-1.192
-1.084
-1.062
-1.120
-1.019
-1.149
-1.062
-1.041
-1.019
-1.149
-1.091
-1.005
-1.177
-1.062
-1.177
-1.077
-1.062
-1.206
-1.070
-1.184
-1.062
-1.027
-1.127
-1.213
-1.192
-1.199
-1.199
-1.149
-1.041
-1.156
-1.134
-1.105
-1.105
-1.156
-1.134
-1.141
-1.084
-1.206
-1.199
-1.228
-1.156
-1.149
-1.105
-1.149
-1.098
-1.120
-1.141
-1.141
-1.149
-1.141
-1.163
-1.213
-1.134
-1.206
-1.213
-1.149
-1.249
-1.120
-1.105
-1.156
-1.184
-1.163
-1.235
-1.177
-1.134
-1.199
-1.156
-1.170
-1.163
-1.127
-1.134
-1.163
-1.206
-1.141
-1.213
-1.235
-1.199
-1.256
-1.170
-1.084
-1.192
-1.206
-1.228
-1.220
-1.263
-1.177
-1.184
-1.199
-1.228
-1.170
-1.163
-1.105
-1.213
-1.170
-1.113
-1.192
-1.206
-1.113
-1.098
-1.249
-1.184
-1.199
-1.170
-1.091
-1.228
-1.515
-1.113
-1.292
-1.213
-1.177
-1.177
-1.235
-1.192
-1.184
-1.292
-1.105
-1.220
-1.306
-1.206
-1.156
-1.156
-1.213
-1.206
-1.199
-1.098
-1.156
-1.256
-1.184
-1.242
-1.170
-1.192
-1.199
-1.199
-1.235
-1.228
-1.278
-1.263
-1.177
-1.213
-1.213
-1.213
-1.120
-1.184
-1.249
-1.314
-1.206
-1.228
-1.278
-1.242
-1.292
-1.235
-1.263
-1.213
-1.235
-1.249
-1.170
-1.271
-1.256
-1.184
-1.091
-1.271
-1.249
-1.242
-1.177
-1.242
-1.357
-1.206
-1.256
-1.249
-1.235
-1.192
-1.314
-1.235
-1.256
-1.285
-1.220
-1.256
-1.184
-1.235
-1.263
-1.192
-1.321
-1.228
-1.220
-1.292
-1.192
-1.228
-1.199
-1.199
-1.156
-1.184
-1.184
-1.263
-1.321
-1.278
-1.120
-1.271
-1.206
-1.170
-1.350
-1.299
-1.306
-1.271
-1.278
-1.199
-1.163
-1.199
-1.213
-1.220
-1.235
-1.220
-1.242
-1.271
-1.242
-1.306
-1.235
-1.256
-1.263
-1.342
-1.235
-1.299
-1.177
-1.285
-1.321
-1.242
-1.242
-1.256
-1.314
-1.228
-1.314
-1.314
-1.335
-1.271
-1.192
-1.306
-1.220
-1.278
-1.242
-1.278
-1.299
-1.314
-1.263
-1.278
-1.378
-1.321
-1.242
-1.371
-1.256
-1.263
-1.249
-1.306
-1.249
-1.235
-1.263
-1.292
-1.314
-1.350
-1.256
-1.321
-1.773
-1.228
-1.292
-1.321
-1.299
-1.278
-1.228
-1.314
-1.299
-1.278
-1.285
-1.249
-1.292
-1.285
-1.249
-1.271
-1.256
-1.342
-1.263
-1.335
-1.235
-1.235
-1.263
-1.299
-1.271
-1.235
-1.285
-1.357
-1.328
-1.292
-1.306
-1.436
-1.242
-1.335
-1.350
-1.292
-1.263
-1.271
-1.285
-1.271
-1.321
-1.278
-1.342
-1.213
-1.278
-1.328
-1.464
-1.278
-1.299
-1.263
-1.091
-1.263
-1.371
-1.278
-1.385
-1.306
-1.335
-1.335
-1.328
-1.342
-1.328
-1.314
-1.292
-1.335
-1.242
-1.350
-1.321
-1.335
-1.249
-1.328
-1.328
-1.314
-1.407
-1.271
-1.256
-1.328
-1.235
-1.357
-1.314
-1.335
-1.371
-1.256
-1.385
-1.314
-1.256
-1.335
-1.385
-1.378
-1.299
-1.328
-1.385
-1.292
-1.335
-1.357
-1.385
-1.292
-1.328
-1.335
-1.357
-1.371
-1.285
-1.342
-1.378
-1.321
-1.292
-1.292
-1.357
-1.357
-1.328
-1.407
-1.328
-1.364
-1.371
-1.378
-1.357
-1.249
-1.306
-1.385
-1.271
-1.407
-1.357
-1.385
-1.421
-1.400
-1.335
-1.407
-1.436
-1.350
-1.299
-1.407
-1.285
-1.306
-1.371
-1.371
-1.335
-1.393
-1.342
-1.378
-1.400
-1.321
-1.364
-1.378
-1.292
-1.328
-1.357
-1.321
-1.321
-1.328
-1.357
-1.378
-1.385
-1.378
-1.328
-1.400
-1.350
-1.436
-1.328
-1.328
-1.321
-1.393
-1.371
-1.321
-1.314
-1.436
-1.350
-1.335
-1.357
-1.335
-1.371
-1.328
-1.407
-1.414
-1.414
-1.378
-1.500
-1.328
-1.371
-1.450
-1.350
-1.350
-1.342
-1.357
-1.350
-1.321
-1.414
-1.364
-1.371
-1.378
-1.364
-1.407
-1.479
-1.350
-1.400
-1.436
-1.350
-1.350
-1.342
-1.400
-1.335
-1.364
-1.414
-1.328
-1.350
-1.371
-1.378
-1.464
-1.486
-1.393
-1.385
-1.393
-1.385
-1.378
-1.421
-1.414
-1.400
-1.385
-1.414
-1.400
-1.429
-1.371
-1.342
-1.385
-1.429
-1.314
-1.278
-1.371
-1.335
-1.357
-1.364
-1.357
-1.342
-1.278
-1.407
-1.364
-1.450
-1.342
-1.342
-1.385
-1.414
-1.385
-1.306
-1.357
-1.350
-1.328
-1.393
-1.378
-1.443
-1.479
-1.378
-1.350
-1.393
-1.335
-1.407
-1.342
-1.450
-1.421
-1.342
-1.328
-1.393
-1.450
-1.328
-1.335
-1.421
-1.421
-1.350
-1.393
-1.328
-1.321
-1.314
-1.393
-1.443
-1.357
-1.429
-1.357
-1.400
-1.421
-1.321
-1.414
-1.385
-1.457
-1.371
-1.299
-1.421
-1.393
-1.421
-1.371
-1.421
-1.292
-1.407
-1.335
-1.429
-1.436
-1.350
-1.464
-1.378
-1.479
-1.443
-1.385
-1.464
-1.342
-1.378
-1.414
-1.407
-1.385
-1.429
-1.421
-1.414
-1.350
-1.436
-1.385
-1.364
-1.436
-1.393
-1.407
-1.385
-1.335
-1.436
-1.378
-1.378
-1.443
-1.414
-1.350
-1.436
-1.414
-1.421
-1.393
-1.378
-1.378
-1.385
-1.364
-1.350
-1.429
-1.357
-1.378
-1.450
-1.371
-1.393
-1.457
-1.457
-1.306
-1.328
-1.364
-1.429
-1.457
-1.443
-1.429
-1.421
-1.486
-1.378
-1.407
-1.357
-1.342
-1.364
-1.464
-1.421
-1.357
-1.400
-1.493
-1.350
-1.486
-1.479
-1.464
-1.378
-1.393
-1.414
-1.436
-1.443
-1.464
-1.321
-1.357
-1.378
-1.457
-1.357
-1.378
-1.457
-1.500
-1.443
-1.414
-1.472
-1.414
-1.357
-1.457
-1.414
-1.400
-1.335
-1.429
-1.457
-1.342
-1.500
-1.472
-1.371
-1.443
-1.414
-1.421
-1.436
-1.385
-1.407
-1.407
-1.371
-1.472
-1.493
-1.500
-1.443
-1.342
-1.407
-1.414
-1.464
-1.400
-1.429
-1.421
-1.443
-1.472
-1.429
-1.464
-1.443
-1.515
-1.464
-1.486
-1.450
-1.536
-1.486
-1.436
-1.515
-1.385
-1.335
-1.500
-1.400
-1.479
-1.371
-1.436
-1.357
-1.393
-1.450
-1.443
-1.371
-1.414
-1.443
-1.436
-1.450
-1.429
-1.429
-1.457
-1.507
-1.385
-1.450
-1.400
-1.472
-1.407
-1.393
-1.457
-1.393
-1.429
-1.421
-1.472
-1.472
-1.385
-1.429
-1.507
-1.464
-1.364
-1.371
-1.457
-1.472
-1.457
-1.472
-1.500
-1.429
-1.393
-1.429
-1.443
-1.429
-1.400
-1.414
-1.486
-1.493
-1.472
-1.436
-1.507
-1.436
-1.378
-1.350
-1.407
-1.450
-1.407
-1.443
-1.472
-1.522
-1.472
-1.479
-1.393
-1.385
-1.350
-1.479
-1.414
-1.357
-1.421
-1.457
-1.436
-1.429
-1.457
-1.429
-1.443
-1.378
-1.472
-1.407
-1.594
-1.543
-1.515
-1.493
-1.414
-1.486
-1.421
-1.464
-1.486
-1.486
-1.371
-1.500
-1.421
-1.436
-1.385
-1.429
-1.414
-1.515
-1.472
-1.421
-1.429
-1.472
-1.479
-1.436
-1.500
-1.493
-1.429
-1.429
-1.407
-1.486
-1.457
-1.464
-1.421
-1.472
-1.479
-1.450
-1.529
-1.479
-1.421
-1.486
-1.479
-1.493
-1.436
-1.421
-1.414
-1.436
-1.507
-1.507
-1.443
-1.493
-1.457
-1.400
-1.457
-1.500
-1.450
-1.457
-1.507
-1.436
-1.457
-1.457
-1.443
-1.450
-1.500
-1.515
-1.515
-1.450
-1.472
-1.457
-1.464
-1.472
-1.436
-1.500
-1.414
-1.393
-1.436
-1.529
-1.371
-1.529
-1.464
-1.464
-1.443
-1.429
-1.543
-1.421
-1.529
-1.421
-1.637
-1.493
-1.565
-1.378
-1.529
-1.400
-1.464
-1.393
-1.543
-1.522
-1.479
-1.536
-1.464
-1.429
-1.500
-1.464
-1.493
-1.558
-1.450
-1.400
-1.536
-1.342
-1.579
-1.486
-1.507
-1.414
-1.464
-1.522
-1.479
-1.450
-1.486
-1.543
-1.543
-1.371
-1.658
-1.443
-1.572
-1.486
-1.479
-1.457
-1.450
-1.486
-1.522
-1.414
-1.522
-1.515
-1.378
-1.450
-1.472
-1.522
-1.450
-1.500
-1.450
-1.443
-1.472
-1.457
-1.385
-1.543
-1.443
-1.450
-1.306
-1.536
-1.608
-1.572
-1.507
-1.436
-1.486
-1.472
-1.536
-1.436
-1.436
-1.493
-1.479
-1.464
-1.493
-1.622
-1.493
-1.529
-1.522
-1.450
-1.457
-1.529
-1.457
-1.536
-1.486
-1.457
-1.507
-1.436
-1.522
-1.529
-1.443
-1.486
-1.515
-1.558
-1.500
-1.464
-1.472
-1.522
-1.507
-1.457
-1.486
-1.421
-1.429
-1.472
-1.479
-1.579
-1.500
-1.464
-1.472
-1.529
-1.579
-1.507
-1.522
-1.486
-1.457
-1.429
-1.493
-1.536
-1.436
-1.522
-1.515
-1.558
-1.450
-1.529
-1.457
-1.464
-1.522
-1.515
-1.500
-1.507
-1.464
-1.472
-1.371
-1.464
-1.543
-1.529
-1.522
-1.450
-1.429
-1.515
-1.450
-1.443
-1.522
-1.551
-1.443
-1.515
-1.493
-1.443
-1.543
-1.436
-1.543
-1.507
-1.429
-1.429
-1.457
-1.464
-1.443
-1.529
-1.558
-1.536
-1.400
-1.529
-1.500
-1.457
-1.493
-1.493
-1.522
-1.565
-1.472
-1.400
-1.457
-1.443
-1.515
-1.522
-1.507
-1.464
-1.558
-1.450
-1.493
-1.472
-1.565
-1.586
-1.507
-1.472
-1.472
-1.479
-1.500
-1.551
-1.522
-1.472
-1.421
-1.529
-1.558
-1.644
-1.500
-1.500
-1.464
-1.637
-1.536
-1.579
-1.572
-1.493
-1.457
-1.450
-1.529
-1.278
-1.515
-1.543
-1.407
-1.486
-1.680
-1.529
-1.335
-1.414
-1.479
-1.472
-1.472
-1.407
-1.486
-1.486
-1.464
-1.536
-1.493
-1.529
-1.457
-1.436
-1.543
-1.421
-1.493
-1.551
-1.551
-1.522
-1.579
-1.479
-1.443
-1.565
-1.522
-1.543
-1.558
-1.472
-1.472
-1.543
-1.515
-1.529
-1.414
-1.565
-1.464
-1.500
-1.572
-1.551
-1.472
-1.558
-1.479
-1.457
-1.429
-1.443
-1.529
-1.515
-1.443
-1.421
-1.486
-1.529
-1.543
-1.500
-1.464
-1.536
-1.572
-1.565
-1.529
-1.457
-1.479
-1.500
-1.515
-1.472
-1.551
-1.543
-1.457
-1.479
-1.529
-1.500
-1.493
-1.479
-1.536
-1.515
-1.572
-1.536
-1.543
-1.507
-1.543
-1.529
-1.558
-1.515
-1.393
-1.421
-1.529
-1.486
-1.522
-1.500
-1.601
-1.522
-1.507
-1.464
-1.529
-1.586
-1.479
-1.486
-1.515
-1.515
-1.500
-1.558
-1.515
-1.594
-1.551
-1.515
-1.507
-1.529
-1.558
-1.479
-1.522
-1.522
-1.500
-1.529
-1.486
-1.493
-1.565
-1.551
-1.551
-1.507
-1.429
-1.414
-1.457
-1.551
-1.515
-1.522
-1.421
-1.493
-1.536
-1.515
-1.507
-1.558
-1.565
-1.529
-1.479
-1.579
-1.493
-1.543
-1.493
-1.615
-1.486
-1.479
-1.486
-1.515
-1.515
-1.522
-1.608
-1.565
-1.407
-1.572
-1.529
-1.543
-1.486
-1.529
-1.529
-1.536
-1.486
-1.565
-1.558
-1.543
-1.479
-1.536
-1.658
-1.543
-1.558
-1.493
-1.515
-1.529
-1.558
-1.579
-1.522
-1.594
-1.529
-1.637
-1.536
-1.543
-1.551
-1.486
-1.572
-1.515
-1.357
-1.630
-1.529
-1.615
-1.536
-1.586
-1.464
-1.615
-1.464
-1.522
-1.493
-1.515
-1.457
-1.608
-1.479
-1.622
-1.601
-1.622
-1.586
-1.558
-1.558
-1.529
-1.464
-1.507
-1.486
-1.529
-1.536
-1.507
-1.572
-1.543
-1.536
-1.515
-1.601
-1.565
-1.450
-1.486
-1.472
-1.486
-1.472
-1.457
-1.507
-1.594
-1.486
-1.486
-1.529
-1.543
-1.579
-1.543
-1.572
-1.644
-1.565
-1.472
-1.558
-1.515
-1.615
-1.515
-1.579
-1.579
-1.457
-1.594
-1.558
-1.572
-1.579
-1.536
-1.500
-1.551
-1.464
-1.507
-1.522
-1.522
-1.529
-1.536
-1.594
-1.507
-1.558
-1.651
-1.551
-1.579
-1.615
-1.565
-1.565
-1.551
-1.479
-1.529
-1.493
-1.551
-1.551
-1.479
-1.594
-1.608
-1.529
-1.479
-1.500
-1.493
-1.464
-1.572
-1.579
-1.522
-1.558
-1.515
-1.565
-1.536
-1.479
-1.572
-1.608
-1.579
-1.572
-1.558
-1.637
-1.565
-1.572
-1.572
-1.558
-1.579
-1.529
-1.601
-1.558
-1.529
-1.558
-1.586
-1.421
-1.622
-1.529
-1.529
-1.543
-1.536
-1.515
-1.565
-1.493
-1.558
-1.543
-1.558
-1.586
-1.507
-1.579
-1.457
-1.543
-1.594
-1.543
-1.579
-1.565
-1.579
-1.493
-1.651
-1.551
-1.472
-1.594
-1.529
-1.601
-1.579
-1.558
-1.551
-1.472
-1.536
-1.515
-1.558
-1.551
-1.500
-1.522
-1.558
-1.551
-1.522
-1.543
-1.572
-1.507
-1.601
-1.551
-1.572
-1.572
-1.529
-1.551
-1.522
-1.472
-1.500
-1.443
-1.586
-1.622
-1.594
-1.572
-1.522
-1.507
-1.457
-1.500
-1.586
-1.601
-1.558
-1.486
-1.543
-1.479
-1.543
-1.551
-1.665
-1.558
-1.436
-1.479
-1.572
-1.579
-1.529
-1.529
-1.515
-1.565
-1.522
-1.579
-1.486
-1.529
-1.601
-1.615
-1.651
-1.543
-1.615
-1.608
-1.601
-1.579
-1.558
-1.630
-1.572
-1.522
-1.551
-1.543
-1.586
-1.500
-1.601
-1.630
-1.507
-1.558
-1.630
-1.601
-1.536
-1.507
-1.500
-1.536
-1.500
-1.450
-1.529
-1.565
-1.601
-1.558
-1.522
-1.522
-1.601
-1.551
-1.630
-1.479
-1.536
-1.579
-1.551
-1.507
-1.615
-1.579
-1.493
-1.558
-1.558
-1.507
-1.601
-1.536
-1.551
-1.637
-1.543
-1.543
-1.565
-1.586
-1.529
-1.522
-1.637
-1.586
-1.486
-1.543
-1.622
-1.608
-1.529
-1.536
-1.500
-1.493
-1.450
-1.551
-1.658
-1.536
-1.507
-1.572
-1.529
-1.565
-1.558
-1.630
-1.579
-1.486
-1.507
-1.565
-1.507
-1.543
-1.572
-1.579
-1.551
-1.522
-1.457
-1.515
-1.507
-1.558
-1.594
-1.529
-1.536
-1.486
-1.551
-1.543
-1.551
-1.586
-1.543
-1.601
-1.579
-1.464
-1.615
-1.515
-1.536
-1.615
-1.594
-1.529
-1.500
-1.486
-1.522
-1.565
-1.586
-1.551
-1.572
-1.536
-1.551
-1.543
-1.615
-1.594
-1.558
-1.601
-1.673
-1.644
-1.464
-1.479
-1.665
-1.615
-1.493
-1.572
-1.551
-1.630
-1.594
-1.515
-1.479
-1.385
-1.543
-1.543
-1.536
-1.586
-1.572
-1.572
-1.594
-1.558
-1.558
-1.536
-1.486
-1.536
-1.586
-1.630
-1.558
-1.543
-1.464
-1.601
-1.586
-1.558
-1.558
-1.551
-1.536
-1.507
-1.608
-1.522
-1.543
-1.558
-1.536
-1.558
-1.586
-1.551
-1.594
-1.586
-1.551
-1.572
-1.615
-1.608
-1.543
-1.551
-1.515
-1.479
-1.565
-1.543
-1.529
-1.658
-1.543
-1.536
-1.436
-1.579
-1.536
-1.644
-1.615
-1.558
-1.551
-1.608
-1.572
-1.551
-1.536
-1.579
-1.565
-1.594
-1.716
-1.479
-1.565
-1.551
-1.565
-1.565
-1.507
-1.579
-1.608
-1.529
-1.565
-1.615
-1.522
-1.536
-1.515
-1.565
-1.615
-1.615
-1.601
-1.529
-1.687
-1.658
-1.594
-1.579
-1.630
-1.551
-1.565
-1.579
-1.615
-1.615
-1.507
-1.586
-1.558
-1.608
-1.551
-1.486
-1.622
-1.594
-1.615
-1.644
-1.536
-1.601
-1.536
-1.579
-1.594
-1.630
-1.565
-1.630
-1.565
-1.644
-1.522
-1.601
-1.529
-1.651
-1.579
-1.651
-1.500
-1.615
-1.586
-1.500
-1.586
-1.622
-1.529
-1.536
-1.536
-1.579
-1.608
-1.551
-1.601
-1.579
-1.579
-1.579
-1.558
-1.622
-1.608
-1.572
-1.529
-1.558
-1.630
-1.543
-1.601
-1.551
-1.579
-1.522
-1.572
-1.594
-1.529
-1.622
-1.586
-1.601
-1.543
-1.558
-1.500
-1.543
-1.615
-1.543
-1.558
-1.594
-1.558
-1.558
-1.579
-1.622
-1.493
-1.622
-1.579
-1.551
-1.608
-1.529
-1.687
-1.565
-1.594
-1.637
-1.572
-1.551
-1.572
-1.579
-1.637
-1.551
-1.507
-1.651
-1.558
-1.572
-1.594
-1.536
-1.572
-1.601
-1.529
-1.558
-1.615
-1.572
-1.608
-1.565
-1.579
-1.579
-1.586
-1.622
-1.586
-1.493
-1.608
-1.601
-1.608
-1.500
-1.644
-1.536
-1.536
-1.529
-1.651
-1.586
-1.551
-1.515
-1.529
-1.594
-1.536
-1.572
-1.594
-1.558
-1.665
-1.615
-1.515
-1.601
-1.579
-1.687
-1.637
-1.558
-1.622
-1.579
-1.586
-1.622
-1.558
-1.594
-1.622
-1.601
-1.558
-1.608
-1.572
-1.472
-1.543
-1.522
-1.622
-1.651
-1.608
-1.622
-1.551
-1.615
-1.608
-1.565
-1.586
-1.608
-1.579
-1.515
-1.637
-1.637
-1.586
-1.536
-1.486
-1.665
-1.665
-1.529
-1.558
-1.665
-1.608
-1.608
-1.644
-1.637
-1.572
-1.565
-1.493
-1.579
-1.615
-1.637
-1.572
-1.651
-1.594
-1.558
-1.594
-1.515
-1.572
-1.543
-1.529
-1.522
-1.543
-1.543
-1.543
-1.479
-1.594
-1.723
-1.601
-1.608
-1.608
-1.601
-1.622
-1.551
-1.601
-1.551
-1.622
-1.622
-1.536
-1.651
-1.486
-1.572
-1.630
-1.558
-1.543
-1.615
-1.558
-1.551
-1.630
-1.536
-1.637
-1.601
-1.558
-1.572
-1.579
-1.586
-1.608
-1.565
-1.608
-1.615
-1.673
-1.565
-1.572
-1.622
-1.601
-1.572
-1.579
-1.507
-1.543
-1.615
-1.615
-1.601
-1.565
-1.651
-1.622
-1.565
-1.558
-1.572
-1.608
-1.615
-1.586
-1.572
-1.644
-1.536
-1.572
-1.586
-1.543
-1.601
-1.579
-1.486
-1.500
-1.594
-1.586
-1.565
-1.579
-1.565
-1.608
-1.551
-1.565
-1.579
-1.558
-1.665
-1.608
-1.579
-1.831
-1.543
-1.608
-1.694
-1.515
-1.601
-1.572
-1.644
-1.529
-1.673
-1.644
-1.522
-1.673
-1.572
-1.522
-1.601
-1.615
-1.601
-1.565
-1.651
-1.507
-1.615
-1.644
-1.586
-1.687
-1.586
-1.622
-1.536
-1.687
-1.594
-1.608
-1.565
-1.507
-1.594
-1.622
-1.579
-1.694
-1.565
-1.594
-1.572
-1.558
-1.507
-1.630
-1.579
-1.565
-1.680
-1.551
-1.586
-1.586
-1.572
-1.694
-1.586
-1.572
-1.565
-1.572
-1.579
-1.601
-1.551
-1.536
-1.558
-1.558
-1.594
-1.543
-1.637
-1.601
-1.608
-1.572
-1.594
-1.615
-1.615
-1.615
-1.615
-1.630
-1.594
-1.601
-1.644
-1.601
-1.558
-1.601
-1.543
-1.579
-1.579
-1.594
-1.608
-1.515
-1.651
-1.644
-1.673
-1.601
-1.586
-1.572
-1.637
-1.536
-1.637
-1.586
-1.622
-1.551
-1.622
-1.630
-1.565
-1.594
-1.486
-1.608
-1.500
-1.529
-1.658
-1.630
-1.565
-1.601
-1.594
-1.680
-1.601
-1.579
-1.644
-1.565
-1.565
-1.586
-1.673
-1.558
-1.644
-1.608
-1.551
-1.608
-1.637
-1.658
-1.665
-1.608
-1.608
-1.586
-1.630
-1.543
-1.608
-1.565
-1.601
-1.601
-1.579
-1.586
-1.601
-1.644
-1.673
-1.586
-1.615
-1.622
-1.615
-1.572
-1.529
-1.601
-1.551
-1.500
-1.630
-1.622
-1.622
-1.694
-1.579
-1.651
-1.551
-1.586
-1.536
-1.579
-1.694
-1.558
-1.608
-1.594
-1.630
-1.601
-1.594
-1.601
-1.637
-1.572
-1.608
-1.630
-1.644
-1.694
-1.601
-1.665
-1.594
-1.615
-1.601
-1.515
-1.586
-1.522
-1.543
-1.637
-1.622
-1.658
-1.586
-1.551
-1.594
-1.586
-1.601
-1.572
-1.622
-1.601
-1.536
-1.594
-1.558
-1.701
-1.579
-1.608
-1.615
-1.601
-1.551
-1.637
-1.644
-1.601
-1.601
-1.673
-1.608
-1.622
-1.565
-1.651
-1.622
-1.529
-1.551
-1.658
-1.529
-1.630
-1.608
-1.658
-1.594
-1.579
-1.630
-1.644
-1.601
-1.644
-1.579
-1.572
-1.601
-1.608
-1.630
-1.673
-1.673
-1.594
-1.630
-1.507
-1.651
-1.608
-1.586
-1.579
-1.601
-1.608
-1.579
-1.601
-1.608
-1.572
-1.665
-1.572
-1.651
-1.630
-1.615
-1.572
-1.601
-1.551
-1.673
-1.687
-1.507
-1.522
-1.673
-1.644
-1.665
-1.594
-1.586
-1.622
-1.594
-1.572
-1.630
-1.586
-1.608
-1.558
-1.673
-1.615
-1.601
-1.594
-1.622
-1.644
-1.551
-1.565
-1.637
-1.586
-1.572
-1.637
-1.565
-1.622
-1.658
-1.608
-1.630
-1.594
-1.615
-1.644
-1.565
-1.551
-1.615
-1.637
-1.572
-1.594
-1.594
-1.586
-1.594
-1.622
-1.551
-1.673
-1.615
-1.608
-1.644
-1.658
-1.601
-1.551
-1.536
-1.701
-1.615
-1.594
-1.579
-1.594
-1.622
-1.665
-1.601
-1.558
-1.637
-1.579
-1.680
-1.586
-1.572
-1.515
-1.622
-1.515
-1.601
-1.622
-1.543
-1.608
-1.630
-1.601
-1.594
-1.644
-1.644
-1.579
-1.687
-1.630
