1.350
1.357
1.249
1.350
1.285
1.350
1.328
1.393
1.328
1.421
1.364
1.407
1.285
1.457
1.335
1.306
1.407
1.378
1.335
1.321
1.421
1.357
1.393
1.393
1.242
1.357
1.335
1.385
1.364
1.393
1.450
1.314
1.335
1.371
1.350
1.393
1.364
1.314
1.407
1.393
1.385
1.285
1.378
1.342
1.407
1.328
1.421
1.443
1.436
1.407
1.400
1.407
1.378
1.400
1.335
1.407
1.393
1.314
1.393
1.378
1.507
1.378
1.357
1.393
1.393
1.378
1.393
1.450
1.479
1.342
1.335
1.414
1.328
1.256
1.407
1.421
1.479
1.385
1.385
1.306
1.371
1.421
1.400
1.414
1.393
1.371
1.378
1.443
1.371
1.421
1.500
1.450
1.529
1.156
1.385
1.414
1.249
1.479
1.328
1.450
1.357
1.163
1.407
1.350
1.407
1.371
1.321
1.407
1.271
1.385
1.400
1.464
1.378
1.421
1.421
1.407
1.421
1.472
1.378
1.421
1.464
1.385
1.414
1.371
1.414
1.436
1.457
1.371
1.414
1.400
1.335
1.385
1.342
1.443
1.407
1.385
1.414
1.464
1.429
1.393
1.385
1.500
1.407
1.321
1.378
1.522
1.436
1.450
1.429
1.393
1.421
1.421
1.450
1.522
1.493
1.393
1.350
1.421
1.371
1.443
1.436
1.364
1.385
1.565
1.385
1.429
1.328
1.515
1.328
1.306
1.393
1.457
1.429
1.450
1.436
1.378
1.357
1.507
1.421
1.450
1.464
1.350
1.357
1.472
1.421
1.507
1.429
1.364
1.414
1.407
1.393
1.450
1.472
1.400
1.464
1.364
1.429
1.457
1.350
1.400
1.364
1.385
1.522
1.436
1.414
1.450
1.479
1.486
1.479
1.371
1.486
1.421
1.436
1.421
1.515
1.479
1.407
1.421
1.515
1.464
1.500
1.414
1.472
1.450
1.364
1.421
1.400
1.457
1.472
1.436
1.515
1.479
1.429
1.472
1.486
1.335
1.400
1.400
1.457
1.400
1.436
1.350
1.529
1.486
1.486
1.543
1.507
1.464
1.507
1.429
1.472
1.421
1.500
1.385
1.515
1.515
1.385
1.436
1.436
1.464
1.400
1.486
1.443
1.429
1.529
1.457
1.515
1.551
1.436
1.500
1.407
1.479
1.457
1.443
1.493
1.515
1.479
1.457
1.436
1.436
1.536
1.522
1.594
1.457
1.507
1.400
1.472
1.479
1.472
1.457
1.443
1.522
1.493
1.457
1.493
1.522
1.414
1.536
1.429
1.536
1.443
1.385
1.436
1.464
1.558
1.486
1.507
1.493
1.522
1.536
1.551
1.457
1.572
1.529
1.472
1.385
1.615
1.486
1.486
1.457
1.543
1.364
1.464
1.450
1.572
1.565
1.479
1.529
1.464
1.651
1.515
1.429
1.421
1.472
1.486
1.464
1.450
1.450
1.500
1.522
1.464
1.436
1.479
1.515
1.479
1.572
1.421
1.500
1.565
1.472
1.436
1.507
1.493
1.493
1.536
1.421
1.507
1.486
1.436
1.500
1.507
1.572
1.515
1.443
1.522
1.414
1.479
1.464
1.479
1.522
1.486
1.479
1.551
1.558
1.472
1.436
1.457
1.421
1.436
1.414
1.551
1.551
1.522
1.479
1.529
1.579
1.529
1.515
1.507
1.500
1.450
1.529
1.479
1.507
1.493
1.472
1.536
1.500
1.522
1.479
1.407
1.479
1.536
1.551
1.536
1.529
1.522
1.507
1.536
1.421
1.457
1.450
1.436
1.436
1.450
1.543
1.457
1.472
1.579
1.565
1.500
1.522
1.500
1.472
1.529
1.529
1.443
1.450
1.479
1.536
1.507
1.493
1.493
1.457
1.414
1.522
1.522
1.407
1.500
1.443
1.457
1.493
1.565
1.536
1.565
1.486
1.522
1.479
1.529
1.464
1.558
1.529
1.536
1.443
1.479
1.586
1.479
1.515
1.486
1.565
1.443
1.507
1.493
1.579
1.522
1.565
1.486
1.493
1.500
1.500
1.500
1.472
1.572
1.551
1.472
1.500
1.472
1.507
1.493
1.551
1.493
1.551
1.493
1.486
1.529
1.385
1.515
1.500
1.529
1.543
1.529
1.558
1.436
1.472
1.529
1.507
1.464
1.551
1.536
1.522
1.436
1.400
1.479
1.443
1.479
1.565
1.536
1.579
1.479
1.450
1.543
1.464
1.443
1.464
1.572
1.515
1.558
1.551
1.551
1.515
1.507
1.500
1.543
1.515
1.515
1.572
1.536
1.472
1.493
1.543
1.507
1.622
1.515
1.543
1.565
1.551
1.493
1.522
1.651
1.507
1.579
1.565
1.507
1.515
1.543
1.464
1.543
1.551
1.644
1.479
1.572
1.601
1.486
1.565
1.500
1.515
1.515
1.522
1.543
1.558
1.529
1.507
1.572
1.464
1.464
1.500
1.558
1.579
1.551
1.479
1.594
1.529
1.565
1.500
1.572
1.515
1.507
1.543
1.515
1.630
1.500
1.486
1.565
1.594
1.565
1.601
1.586
1.594
1.515
1.436
1.493
1.472
1.515
1.450
1.500
1.536
1.457
1.536
1.572
1.594
1.472
1.558
1.457
1.407
1.464
1.558
1.529
1.551
1.479
1.594
1.507
1.500
1.608
1.543
1.586
1.500
1.522
1.601
1.529
1.622
1.500
1.586
1.586
1.479
1.601
1.457
1.536
1.472
1.565
1.493
1.479
1.551
1.543
1.543
1.543
1.500
1.579
1.551
1.515
1.543
1.551
1.558
1.500
1.529
1.536
1.608
1.522
1.522
1.579
1.507
1.529
1.558
1.551
1.601
1.529
1.536
1.507
1.579
1.579
1.529
1.579
1.630
1.551
1.522
1.565
1.579
1.515
1.586
1.507
1.522
1.529
1.601
1.558
1.586
1.579
1.558
1.579
1.522
1.486
1.586
1.594
1.551
1.464
1.421
1.558
1.543
1.536
1.558
1.551
1.622
1.551
1.586
1.558
1.500
1.594
1.594
1.479
1.572
1.586
1.565
1.522
1.579
1.486
1.507
1.601
1.572
1.637
1.594
1.500
1.515
1.543
1.479
1.536
1.565
1.594
1.536
1.536
1.594
1.680
1.551
1.500
1.579
1.586
1.579
1.551
1.493
1.536
1.522
1.500
1.572
1.565
1.565
1.586
1.615
1.586
1.558
1.579
1.493
1.551
1.543
1.586
1.622
1.493
1.694
1.601
1.515
1.551
1.622
1.551
1.586
1.586
1.630
1.486
1.515
1.565
1.529
1.594
1.608
1.507
1.601
1.529
1.594
1.472
1.522
1.529
1.464
1.551
1.529
1.565
1.479
1.558
1.594
1.536
1.457
1.565
1.630
1.615
1.529
1.543
1.601
1.551
1.522
1.565
1.558
1.536
1.558
1.630
1.637
1.472
1.551
1.586
1.615
1.579
1.637
1.608
1.608
1.565
1.565
1.515
1.522
1.630
1.572
1.558
1.630
1.594
1.594
1.594
1.536
1.651
1.565
1.579
1.486
1.500
1.586
1.579
1.522
1.536
1.572
1.572
1.586
1.500
1.644
1.594
1.622
1.601
1.543
1.551
1.622
1.529
1.594
1.536
1.558
1.565
1.673
1.543
1.644
1.551
1.608
1.507
1.637
1.622
1.551
1.594
1.572
1.536
1.551
1.515
1.507
1.644
1.601
1.558
1.565
1.515
1.507
1.594
1.637
1.543
1.515
1.500
1.622
1.651
1.543
1.551
1.479
1.572
1.773
1.637
1.586
1.558
1.522
1.558
1.529
1.594
1.565
1.673
1.522
1.701
1.586
1.572
1.536
1.486
1.572
1.622
1.572
1.601
1.543
1.694
1.493
1.551
1.579
1.543
1.558
1.507
1.543
1.543
1.651
1.551
1.522
1.536
1.594
1.615
1.622
1.500
1.558
1.630
1.579
1.558
1.615
1.586
1.558
1.594
1.622
1.551
1.615
1.529
1.594
1.651
1.551
1.622
1.594
1.579
1.558
1.522
1.500
1.572
1.486
1.608
1.680
1.572
1.586
1.637
1.565
1.565
1.543
1.558
1.522
1.551
1.551
1.601
1.608
1.601
1.565
1.637
1.572
1.651
1.615
1.558
1.572
1.572
1.551
1.773
1.586
1.658
1.586
1.565
1.306
1.644
1.630
1.572
1.601
1.572
1.558
1.594
1.572
1.579
1.622
1.594
1.558
1.651
1.608
1.601
1.615
1.594
1.644
1.658
1.493
1.536
1.615
1.615
1.551
1.558
1.565
1.543
1.644
1.551
1.687
1.644
1.608
1.651
1.644
1.644
1.515
1.500
1.658
1.665
1.565
1.622
1.565
1.515
1.594
1.658
1.579
1.572
1.572
1.637
1.601
1.558
1.637
1.651
1.529
1.644
1.637
1.608
1.673
1.536
1.586
1.651
1.565
1.586
1.680
1.630
1.543
1.644
1.644
1.572
1.551
1.651
1.572
1.622
1.644
1.551
1.579
1.608
1.579
1.601
1.594
1.637
1.630
1.572
1.551
1.579
1.708
1.615
1.601
1.637
1.522
1.543
1.680
1.615
1.622
1.665
1.594
1.601
1.608
1.543
1.586
1.637
1.651
1.608
1.630
1.644
1.608
1.601
1.586
1.637
1.673
1.543
1.723
1.586
1.608
1.637
1.687
1.594
1.543
1.608
1.630
1.651
1.515
1.529
1.608
1.551
1.558
1.565
1.637
1.586
1.536
1.673
1.644
1.615
1.644
1.630
1.551
1.637
1.708
1.630
1.637
1.665
1.565
1.572
1.658
1.579
1.543
1.622
1.522
1.665
1.651
1.630
1.687
1.644
1.579
1.737
1.515
1.644
1.615
1.673
1.630
1.565
1.551
1.594
1.622
1.551
1.651
1.572
1.673
1.608
1.622
1.594
1.579
1.630
1.644
1.637
1.658
1.615
1.615
1.651
1.594
1.529
1.701
1.644
1.601
1.608
1.594
1.601
1.586
1.601
1.630
1.637
1.536
1.615
1.644
1.572
1.651
1.615
1.579
1.572
1.608
1.579
1.594
1.644
1.665
1.608
1.515
1.529
1.708
1.665
1.630
1.694
1.644
1.586
1.608
1.651
1.630
1.637
1.579
1.579
1.651
1.615
1.579
1.565
1.658
1.586
1.529
1.536
1.615
1.579
1.594
1.572
1.572
1.572
1.622
1.579
1.579
1.673
1.687
2.412
1.615
1.644
1.565
1.565
1.543
1.644
1.579
1.687
1.658
1.586
1.630
1.565
1.637
1.716
1.572
1.637
1.622
1.551
1.644
1.744
1.622
1.630
1.572
1.565
1.572
1.558
1.651
1.630
1.500
1.644
1.586
1.665
1.637
1.637
1.723
1.536
1.572
1.658
1.644
1.644
1.665
1.615
1.651
1.658
1.665
1.644
1.630
1.572
1.687
1.586
1.601
1.673
1.579
1.651
1.572
1.644
1.572
1.608
1.622
1.551
1.601
1.637
1.608
1.601
1.579
1.543
1.608
1.601
1.615
1.665
1.601
1.630
1.630
1.572
1.622
1.601
1.708
1.579
1.615
1.615
1.630
1.637
1.622
1.608
1.673
1.543
1.565
1.701
1.586
1.637
1.644
1.708
1.515
1.615
1.608
1.601
1.565
1.565
1.694
1.637
1.586
1.579
1.601
1.673
1.680
1.644
1.565
1.615
1.558
1.594
1.737
1.687
1.665
1.579
1.651
1.708
1.579
1.701
1.730
1.565
1.608
1.608
1.622
1.665
1.601
1.565
1.586
1.701
1.637
1.658
1.673
1.579
1.594
1.694
1.594
1.608
1.708
1.579
1.658
1.594
1.608
1.673
1.615
1.665
1.716
1.615
1.673
1.630
1.586
1.701
1.594
1.507
1.687
1.694
1.622
1.651
1.594
1.579
1.608
1.651
1.529
1.608
1.572
1.708
1.637
1.601
1.637
1.594
1.622
1.651
1.594
1.572
1.586
1.615
1.579
1.586
1.658
1.622
1.680
1.658
1.766
1.601
1.572
1.737
1.608
1.594
1.651
1.665
1.622
1.716
1.572
1.622
1.594
1.615
1.694
1.601
1.615
1.651
1.673
1.701
1.644
1.536
1.601
1.586
1.551
1.565
1.594
1.637
1.665
1.644
1.594
1.658
1.665
1.694
1.665
1.694
1.630
1.651
1.586
1.680
1.680
1.630
1.522
1.651
1.687
1.644
1.630
1.701
1.608
1.586
1.665
1.665
1.644
1.594
1.651
1.680
1.651
1.716
1.630
1.622
1.615
1.608
1.673
1.622
1.615
1.644
1.601
1.601
1.658
1.601
1.608
1.716
1.579
1.802
1.737
1.644
1.615
1.680
1.601
1.687
1.680
1.673
1.744
1.630
1.601
1.644
1.673
1.637
1.579
1.651
1.630
1.708
1.680
1.558
1.615
1.644
1.737
1.658
1.651
1.601
1.630
1.601
1.665
1.658
1.630
1.680
1.594
1.644
1.730
1.680
1.680
1.701
1.701
1.637
1.594
1.658
1.637
1.730
1.673
1.601
1.644
1.694
1.565
1.687
1.543
1.665
1.658
1.694
1.665
1.637
1.787
1.644
1.644
1.665
1.551
1.586
1.601
1.737
1.637
1.644
1.644
1.665
1.572
1.687
1.680
1.658
1.507
1.601
1.443
1.716
1.615
1.622
1.694
1.673
1.615
1.737
1.644
1.658
1.723
1.687
1.615
1.658
1.673
1.665
1.838
1.565
1.572
1.601
1.615
1.694
1.680
1.744
1.630
1.630
1.637
1.608
1.673
1.809
1.716
1.665
1.651
1.572
1.673
1.737
1.608
1.622
1.615
1.630
1.543
1.687
1.630
1.608
1.687
1.665
1.687
1.601
1.795
1.744
1.716
1.723
1.558
1.802
1.708
1.658
1.680
1.637
1.608
1.630
1.551
1.687
1.630
1.586
1.644
1.658
1.601
1.651
1.586
1.622
1.673
1.744
1.608
1.673
1.665
1.644
1.457
1.651
1.594
1.644
1.644
1.637
1.622
1.651
1.730
1.708
1.680
1.651
1.673
1.744
1.723
1.637
1.737
1.665
1.708
1.565
1.787
1.622
1.658
1.694
1.630
1.651
1.586
1.622
1.644
1.680
1.630
1.687
1.665
1.586
1.622
1.694
1.651
1.579
1.543
1.687
1.651
1.658
1.723
1.601
1.651
1.730
1.701
1.579
1.622
1.586
1.708
1.687
1.651
1.615
1.615
1.637
1.644
1.637
1.622
1.529
1.637
1.665
1.608
1.622
1.608
1.701
1.665
1.622
1.601
1.737
1.730
1.680
1.651
1.687
1.608
1.579
1.615
1.737
1.601
1.644
1.637
1.644
1.637
1.630
1.723
1.716
1.716
1.708
1.673
1.780
1.644
1.536
1.673
1.601
1.601
1.622
1.644
1.615
1.665
1.572
1.687
1.737
1.651
1.615
1.644
1.630
1.608
1.708
1.687
1.665
1.665
1.622
1.601
1.701
1.644
1.586
1.694
1.687
1.730
1.615
1.744
1.630
1.615
1.658
1.730
1.680
1.687
1.644
1.687
1.637
1.644
1.831
1.673
1.687
1.737
1.651
1.723
1.601
1.608
1.701
1.701
1.730
1.723
1.658
1.723
1.665
1.687
1.644
1.608
1.680
1.708
1.630
1.694
1.601
1.680
1.701
1.694
1.651
1.766
1.637
1.565
1.586
1.780
1.752
1.630
1.665
1.701
1.673
1.637
1.594
1.644
1.579
1.673
1.601
1.680
1.665
1.536
1.536
1.708
1.644
1.665
1.752
1.744
1.752
1.687
1.730
1.716
1.680
1.658
1.608
1.701
1.615
1.622
1.687
1.601
1.622
1.687
1.687
1.701
1.637
1.665
1.708
1.780
1.644
1.601
1.630
1.694
1.586
1.673
1.701
1.586
1.687
1.637
1.680
1.665
1.637
1.637
1.716
1.680
1.630
1.651
1.716
1.694
1.730
1.708
1.658
1.615
1.630
1.637
1.594
1.680
1.622
1.658
1.658
1.723
1.630
1.644
1.658
1.716
1.637
1.687
1.665
1.665
1.716
1.665
1.665
1.630
1.637
1.651
1.644
1.586
1.543
1.708
1.644
1.615
1.651
1.630
1.673
1.708
1.680
1.680
1.716
1.687
1.716
1.658
1.694
1.673
1.615
1.708
1.658
1.708
1.687
1.630
1.630
1.744
1.752
1.651
1.730
1.608
1.708
1.637
1.658
1.716
1.716
1.601
1.687
1.651
1.665
1.637
1.680
1.665
1.658
1.723
1.622
1.658
1.680
1.680
1.651
1.701
1.673
1.601
1.730
1.622
1.680
1.594
1.730
1.615
1.637
1.665
1.558
1.665
1.687
1.651
1.716
1.752
1.651
1.572
1.637
1.708
1.708
1.701
1.622
1.658
1.716
1.572
1.701
1.723
1.694
1.701
1.687
1.708
1.752
1.701
1.744
1.716
1.680
1.723
1.680
1.665
1.730
1.608
1.658
1.744
1.665
1.701
1.687
1.673
1.701
1.723
1.658
1.708
1.680
1.716
1.716
1.687
1.680
1.644
1.694
1.687
1.665
1.737
1.730
1.752
1.701
1.680
1.622
1.744
1.673
1.759
1.630
1.673
1.694
1.551
1.694
1.680
1.658
1.644
1.608
1.658
1.637
1.708
1.744
1.615
1.680
1.673
1.680
1.651
1.687
1.680
1.766
1.730
1.608
1.615
1.680
1.644
1.680
1.680
1.637
1.637
1.630
1.651
1.723
1.723
1.622
1.694
1.744
1.565
1.673
1.680
1.730
1.658
1.637
1.701
1.730
1.637
1.658
1.694
1.694
1.665
1.716
1.680
1.658
1.651
1.708
1.701
1.651
1.694
1.687
1.701
1.759
1.680
1.651
1.601
1.622
1.665
1.586
1.680
1.637
1.658
1.665
1.673
1.658
1.579
1.708
1.665
1.673
1.680
1.687
1.615
1.565
1.644
1.673
1.694
1.795
1.680
1.759
1.708
1.665
1.845
1.637
1.601
1.730
1.701
1.766
1.586
1.752
1.680
1.658
1.701
1.708
1.637
1.622
1.594
1.658
1.615
1.773
1.680
1.723
1.737
1.644
1.752
1.637
1.701
1.630
1.673
1.723
1.651
1.630
1.594
1.608
1.708
1.665
1.658
1.723
1.680
1.737
1.630
1.658
1.687
1.730
1.716
1.673
1.730
1.665
1.752
1.622
1.694
1.637
1.723
1.673
1.708
1.665
1.658
1.708
1.637
1.658
1.787
1.687
1.601
1.680
1.665
1.651
1.759
1.665
1.665
1.723
1.744
1.744
1.701
1.665
1.630
1.680
1.673
1.752
1.658
1.673
1.716
1.701
1.637
1.608
1.673
1.701
1.737
1.673
1.687
1.665
1.773
1.608
1.658
1.723
1.673
1.673
1.744
1.572
1.673
1.651
1.658
1.615
1.708
1.701
1.694
1.658
1.673
1.701
1.665
1.658
1.680
1.701
1.708
1.737
1.615
1.716
1.737
1.651
1.708
1.673
1.665
1.752
1.651
1.637
1.716
1.701
1.737
1.622
1.630
1.658
1.658
1.644
1.716
1.708
1.694
1.723
1.630
1.694
1.701
1.737
1.752
1.665
1.644
1.680
1.644
1.630
1.723
1.680
1.680
1.665
1.586
1.701
1.716
1.658
1.752
1.723
1.644
1.651
1.730
1.615
1.658
1.651
1.622
1.744
1.744
1.744
1.594
1.658
1.658
1.723
1.665
1.615
1.730
1.701
1.601
1.658
1.658
1.687
1.658
1.723
1.723
1.673
1.637
1.665
1.694
1.651
1.737
1.665
1.716
1.644
1.651
1.665
1.615
1.694
1.594
1.637
1.665
1.701
1.694
1.615
1.687
1.658
1.687
1.651
1.665
1.716
1.658
1.658
1.716
1.665
1.651
1.658
1.701
1.673
1.744
1.694
1.687
1.708
1.665
1.773
1.737
1.665
1.615
1.644
1.644
1.708
1.773
1.637
1.680
1.680
1.601
1.716
1.630
1.716
1.759
1.802
1.694
1.680
1.608
1.658
1.680
1.644
1.673
1.658
1.708
1.644
1.694
1.701
1.644
1.673
1.680
1.716
1.687
1.737
1.680
1.766
1.716
1.723
1.615
1.730
1.701
1.665
1.694
1.673
1.673
1.673
1.694
1.723
1.773
1.608
1.637
1.673
1.687
1.766
1.644
1.644
1.708
1.766
1.665
1.651
1.716
1.759
1.723
1.615
1.615
1.658
1.615
1.658
1.752
1.723
1.665
1.752
1.622
1.787
1.701
1.630
1.630
1.644
1.680
1.701
1.780
1.622
1.708
1.701
1.708
1.701
1.701
1.687
1.701
1.658
1.780
1.658
1.694
1.701
1.744
1.694
1.637
1.838
1.780
1.637
1.701
1.687
1.644
1.694
1.716
1.708
1.651
1.694
1.658
1.701
1.658
1.730
1.802
1.579
1.608
1.673
1.665
1.673
1.701
1.673
1.673
1.723
1.730
1.701
1.752

