9.504
9.454
9.540
9.447
9.569
9.440
9.547
9.540
9.504
9.490
9.562
9.519
9.483
9.504
9.519
9.504
9.454
9.404
9.461
9.504
9.533
9.483
9.540
9.468
9.598
9.526
9.490
9.576
9.540
9.598
9.641
9.519
9.511
9.483
9.511
9.497
9.555
9.433
9.433
9.555
9.605
9.490
9.540
9.533
9.461
9.519
9.461
9.425
9.540
9.511
9.483
9.526
9.547
9.540
9.519
9.511
9.533
9.476
9.476
9.425
9.626
9.519
9.569
9.562
9.569
9.433
9.440
9.433
9.583
9.562
9.454
9.497
9.662
9.497
9.497
9.425
9.562
9.526
9.583
9.483
9.461
9.490
9.569
9.569
9.547
9.547
9.483
9.354
9.389
9.511
9.540
9.634
9.059
9.289
9.519
9.569
9.368
9.526
9.641
9.490
9.476
9.691
9.547
9.425
9.612
9.555
9.418
9.547
9.519
9.490
9.504
9.511
9.476
9.547
9.354
9.598
9.519
9.576
9.619
9.533
9.368
9.533
9.490
9.447
9.540
9.555
9.411
9.598
9.511
9.511
9.296
9.540
9.511
9.476
9.497
9.526
9.447
9.476
9.476
9.490
9.433
9.454
9.504
9.483
9.504
9.461
9.361
9.519
9.461
9.533
9.504
9.418
9.526
9.490
9.411
9.397
9.634
9.562
9.533
9.526
9.540
9.425
9.526
9.425
9.468
9.483
9.425
9.397
9.576
9.411
9.411
9.483
9.511
9.461
9.511
9.468
9.590
9.440
9.346
9.490
9.433
9.476
9.497
9.504
9.526
9.490
9.454
9.454
9.447
9.454
9.447
9.318
9.411
9.476
9.454
9.397
9.562
9.468
9.454
9.483
9.504
9.411
9.461
9.490
9.483
9.454
9.598
9.547
9.461
9.454
9.555
9.526
9.526
9.440
9.461
9.511
9.332
9.569
9.490
9.497
9.533
9.440
9.440
9.569
9.641
9.504
9.476
9.504
9.555
9.461
9.511
9.540
9.490
9.425
9.533
9.497
9.511
9.490
9.418
9.389
9.382
9.490
9.605
9.562
9.497
9.497
9.519
9.490
9.497
9.533
9.468
9.519
9.504
9.468
9.540
9.598
9.533
9.519
9.476
9.476
9.483
9.569
9.483
9.547
9.440
9.425
9.576
9.562
9.483
9.519
9.547
9.418
9.526
9.511
9.490
9.411
9.590
9.382
9.440
9.540
9.332
9.497
9.540
9.418
9.511
9.483
9.490
9.511
9.497
9.526
9.447
9.483
9.540
9.555
9.576
9.526
9.511
9.468
9.511
9.447
9.440
9.433
9.547
9.476
9.540
9.504
9.468
9.576
9.483
9.418
9.425
9.425
9.346
9.655
9.511
9.540
9.275
9.411
9.562
9.913
9.440
9.411
9.619
9.490
9.562
9.375
9.490
9.533
9.447
8.944
9.511
9.562
9.339
9.590
9.519
9.555
9.389
9.519
9.540
9.476
9.418
9.547
9.454
9.346
9.476
9.411
9.504
9.368
9.490
9.511
9.533
9.490
9.375
9.497
9.533
9.511
9.433
9.497
9.497
9.454
9.389
9.504
9.476
9.454
9.511
9.533
9.454
9.483
9.411
9.612
9.411
9.310
9.389
9.497
9.533
9.461
9.540
9.533
9.440
9.547
9.648
9.461
9.504
9.389
9.504
9.447
9.526
9.411
9.447
9.447
9.483
9.468
9.447
9.519
9.641
9.497
9.476
9.504
9.511
9.468
9.418
9.433
9.404
9.483
9.411
9.483
9.397
9.490
9.497
9.433
9.425
9.504
9.490
9.404
9.397
9.476
9.468
9.418
9.433
9.540
9.483
9.433
9.476
9.476
9.418
9.289
9.425
9.368
9.440
9.526
9.433
9.418
9.533
9.562
9.461
9.511
9.504
9.468
9.555
9.447
9.547
9.461
9.346
9.461
9.461
9.389
9.461
9.504
9.411
9.504
9.447
9.519
9.454
9.504
9.555
9.397
9.461
9.497
9.461
9.461
9.511
9.454
9.389
9.440
9.519
9.519
9.440
9.440
9.454
9.425
9.504
9.397
9.418
9.461
9.540
9.468
9.511
9.483
9.368
9.490
9.504
9.476
9.404
9.454
9.375
9.490
9.440
9.361
9.476
9.433
9.397
9.461
9.511
9.533
9.375
9.519
9.490
9.461
9.404
9.590
9.454
9.433
9.454
9.519
9.440
9.490
9.418
9.447
9.433
9.483
9.476
9.662
9.476
9.497
9.497
9.404
9.476
9.425
9.440
9.468
9.397
9.483
9.526
9.504
9.346
9.461
9.361
9.468
9.411
9.440
9.440
9.468
9.433
9.454
9.425
9.447
9.454
9.583
9.504
9.440
9.483
9.368
9.447
9.533
9.476
9.533
9.425
9.519
9.468
9.490
9.476
9.468
9.454
9.346
9.389
9.511
9.425
9.440
9.433
9.461
9.454
9.490
9.404
9.526
9.433
9.389
9.526
9.447
9.418
9.519
9.389
9.547
9.483
9.411
9.440
9.389
9.461
9.533
9.296
9.476
9.411
9.411
9.454
9.540
9.476
9.433
9.497
9.418
9.433
9.504
9.576
9.354
9.504
9.490
9.440
9.519
9.339
9.468
9.389
9.490
9.397
9.468
9.562
9.418
9.504
9.468
9.569
9.504
9.483
9.433
9.547
9.569
9.468
9.511
9.382
9.397
9.375
9.555
9.361
9.468
9.418
9.375
9.461
9.511
9.447
9.346
9.461
9.590
9.368
9.504
9.504
9.454
9.440
9.511
9.447
9.511
9.425
9.504
9.461
9.411
9.440
9.468
9.490
9.425
9.411
9.447
9.526
9.275
9.454
9.397
9.404
9.519
9.476
9.454
9.354
9.454
9.433
9.447
9.511
9.440
9.519
9.641
9.418
9.389
9.547
9.397
9.497
9.562
9.368
9.318
9.389
9.562
9.389
9.411
9.468
9.389
9.504
9.468
9.382
9.425
9.389
9.533
9.526
9.468
9.511
9.476
9.533
9.476
9.389
9.375
9.425
9.389
9.440
9.447
9.454
9.404
9.454
9.483
9.404
9.411
9.433
9.511
9.425
9.461
9.483
9.447
9.447
9.461
9.476
9.389
9.547
9.418
9.397
9.382
9.555
9.497
9.411
9.519
9.519
9.497
9.339
9.511
9.461
9.476
9.504
9.483
9.454
9.375
9.497
9.418
9.447
9.361
9.504
9.461
9.447
9.389
9.483
9.339
9.511
9.476
9.526
9.504
9.411
9.418
9.468
9.332
9.447
9.476
9.490
9.519
9.504
9.418
9.382
9.375
9.519
9.411
9.533
9.483
9.497
9.425
9.397
9.425
9.490
9.461
9.404
9.461
9.433
9.476
9.461
9.447
9.346
9.490
9.526
9.389
9.504
9.418
9.490
9.418
9.447
9.454
9.425
9.440
9.361
9.332
9.490
9.440
9.454
9.461
9.375
9.361
9.375
9.540
9.468
9.389
9.375
9.447
9.461
9.389
9.418
9.397
9.511
9.346
9.440
9.497
9.461
9.468
9.468
9.454
9.447
9.411
9.368
9.404
9.447
9.411
9.583
9.483
9.490
9.511
9.454
9.454
9.447
9.540
9.483
9.425
9.483
9.461
9.418
9.375
9.454
9.490
9.411
9.483
9.418
9.433
9.461
9.368
9.576
9.382
9.404
9.404
9.483
9.468
9.375
9.468
9.389
9.454
9.468
9.411
9.440
9.346
9.368
9.339
9.562
9.447
9.476
9.361
9.368
9.468
9.497
9.368
9.461
9.447
9.433
9.483
9.325
9.511
9.461
9.382
9.497
9.461
9.519
9.375
9.332
9.490
9.447
9.433
9.468
9.519
9.490
9.483
9.440
9.461
9.476
9.389
9.468
9.526
9.476
9.511
9.497
9.389
9.447
9.533
9.361
9.511
9.490
9.303
9.397
9.354
9.418
9.361
9.504
9.490
9.389
9.382
9.440
9.440
9.447
9.339
9.404
9.476
9.389
9.519
9.440
9.547
9.325
9.325
9.476
9.440
9.504
9.454
9.389
9.354
9.433
9.389
9.375
9.354
9.425
9.483
9.483
9.411
9.361
9.547
9.296
9.519
9.382
9.433
9.497
9.433
9.504
9.476
9.411
9.468
9.519
9.447
9.511
9.519
9.454
9.411
9.468
9.389
9.361
9.483
9.483
9.447
9.404
9.447
9.339
9.468
9.461
9.404
9.303
9.339
9.533
9.454
9.433
9.504
9.361
9.397
9.397
9.497
9.397
9.404
9.318
9.310
9.519
9.547
9.476
9.382
9.468
9.425
9.368
9.454
9.368
9.504
9.397
9.490
9.454
9.476
9.397
9.461
9.490
9.411
9.404
9.490
9.425
9.354
9.354
9.354
9.476
9.418
9.440
9.476
9.447
9.411
9.404
9.310
9.368
9.476
9.418
9.433
9.325
9.526
9.447
9.547
9.468
9.519
9.389
9.339
9.454
9.468
9.490
9.318
9.454
9.368
9.404
9.447
9.511
9.433
9.447
9.354
9.476
9.397
9.389
9.476
9.361
9.476
9.418
9.468
9.490
9.511
9.433
9.476
9.418
9.411
9.354
9.375
9.404
9.389
9.418
9.375
9.411
9.397
9.461
9.468
9.389
9.397
9.497
9.468
9.447
9.389
9.440
9.375
9.504
9.454
9.511
9.461
9.339
9.361
9.375
9.497
9.425
9.382
9.504
9.468
9.397
9.490
9.354
9.454
9.468
9.440
9.483
9.332
9.454
9.418
9.375
9.461
9.433
9.447
9.418
9.504
9.411
9.454
9.440
9.476
9.511
9.454
9.490
9.476
9.468
9.411
9.375
9.224
9.382
9.375
9.389
9.425
9.404
9.468
9.418
9.468
9.490
9.397
9.382
9.454
9.490
9.425
9.447
9.418
9.511
9.468
9.411
9.447
9.389
9.483
9.397
9.483
9.404
9.425
9.433
9.418
9.267
9.490
9.440
9.346
9.440
9.375
9.454
9.318
9.440
9.540
9.461
9.526
9.397
9.476
9.167
9.605
9.411
9.346
9.368
9.425
9.490
9.389
9.404
9.461
9.411
9.476
9.504
9.411
9.397
9.433
9.468
9.425
9.389
9.418
9.375
9.418
9.468
9.397
9.490
9.418
9.389
9.418
9.411
9.454
9.346
9.526
9.425
9.425
9.476
9.440
9.476
9.440
9.447
9.476
9.411
9.361
9.375
9.411
9.425
9.476
9.354
9.361
9.375
9.339
10.552
9.174
9.389
9.397
9.454
9.389
9.526
9.397
9.461
9.411
9.404
9.447
9.389
9.461
9.447
9.433
9.404
9.497
9.404
9.368
9.433
9.483
9.397
9.540
9.511
9.461
9.511
9.440
9.389
9.476
9.454
9.433
9.375
9.332
9.375
9.404
9.418
9.404
9.418
9.346
9.526
9.519
9.490
9.504
9.425
9.354
9.562
9.490
9.447
9.490
9.389
9.468
9.454
9.332
9.490
9.397
9.440
9.476
9.382
9.411
9.461
9.368
9.411
9.354
9.454
9.540
9.533
9.354
9.397
9.339
9.540
9.418
9.433
9.404
9.483
9.404
9.490
9.468
9.332
9.389
9.411
9.497
9.368
9.354
9.454
9.325
9.440
9.382
9.382
9.397
9.476
9.425
9.440
9.397
9.425
9.361
9.547
9.418
9.368
9.375
9.440
9.440
9.404
9.404
9.490
9.425
9.454
9.418
9.411
9.447
9.296
9.454
9.504
9.425
9.411
9.375
9.404
9.375
9.389
9.447
9.440
9.433
8.765
9.389
9.346
9.433
9.425
9.447
9.368
9.519
9.454
9.447
9.275
9.483
9.339
9.468
9.418
9.497
9.418
9.389
9.361
9.411
9.483
9.303
9.454
9.468
9.490
9.397
9.497
9.433
9.375
9.418
9.440
9.454
9.404
9.468
9.382
9.389
9.447
9.382
9.382
9.368
9.483
9.404
9.397
9.382
9.555
9.354
9.339
9.339
9.425
9.433
9.339
9.440
9.411
9.533
9.354
9.425
9.504
9.361
9.361
9.433
9.354
9.346
9.511
9.490
9.253
9.433
9.375
9.361
9.497
9.454
9.447
9.389
9.490
9.289
9.346
9.411
9.461
9.461
9.361
9.454
9.454
9.490
9.389
9.511
9.425
9.425
9.411
9.440
9.468
9.389
9.461
9.433
9.425
9.361
9.440
9.519
9.447
9.275
9.483
9.511
9.389
9.468
9.404
9.404
9.440
9.354
9.389
9.511
9.397
9.397
9.397
9.504
9.339
9.411
9.375
9.433
9.468
9.468
9.382
9.368
9.440
9.404
9.425
9.404
9.468
9.382
9.504
9.454
9.454
9.389
9.418
9.310
9.454
9.361
9.404
9.490
9.476
9.454
9.461
9.490
9.425
9.354
9.382
9.368
9.454
9.540
9.296
9.339
9.497
9.418
9.375
9.375
9.339
9.411
9.339
9.476
9.397
9.447
9.397
9.490
9.468
9.397
9.354
9.289
9.468
9.339
9.411
9.418
9.476
9.433
9.447
9.483
9.325
9.461
9.397
9.447
9.461
9.389
9.397
9.519
9.296
9.368
9.411
9.346
9.454
9.461
9.332
9.339
9.354
9.454
9.368
9.418
9.289
9.418
9.418
9.354
9.490
9.447
9.368
9.425
9.361
9.404
9.447
9.454
9.440
9.468
9.397
9.052
9.468
9.404
9.418
9.461
9.404
9.318
9.447
9.375
9.433
9.533
9.375
9.468
9.418
9.433
9.433
9.361
9.440
9.354
9.375
9.382
9.361
9.310
9.375
9.318
9.382
9.368
9.418
9.382
9.447
9.397
9.325
9.375
9.583
9.454
9.389
9.310
9.490
9.404
9.389
9.404
9.433
9.382
9.382
9.425
9.476
9.440
9.368
9.490
9.799
9.332
9.354
9.425
9.634
9.461
9.504
9.382
9.418
9.461
9.389
9.490
9.375
9.461
9.389
9.397
9.361
9.325
9.454
9.418
9.375
9.325
9.325
9.296
9.411
9.389
9.526
9.605
9.361
9.433
9.303
9.339
9.425
9.346
9.361
9.569
9.375
9.375
9.497
9.433
9.454
9.389
9.411
9.454
9.440
9.404
9.433
9.361
9.368
9.339
9.433
9.433
9.397
9.418
9.461
9.404
9.483
9.318
9.433
9.425
9.648
9.361
9.318
9.433
9.440
9.440
9.490
9.447
9.382
9.583
9.318
9.389
9.440
9.389
9.447
9.382
9.339
9.425
9.447
9.404
9.483
9.397
9.425
9.346
9.476
9.389
9.433
9.440
9.411
9.447
9.404
9.397
9.389
9.497
9.397
9.483
9.368
9.504
9.433
9.454
9.361
9.425
9.368
9.440
9.497
9.389
9.497
9.411
9.490
9.461
9.354
9.418
9.361
9.282
9.447
9.375
9.447
9.411
9.433
9.354
9.318
9.389
9.375
9.361
9.361
9.411
9.275
9.361
9.468
9.389
9.289
9.397
9.447
9.375
9.454
9.461
9.468
9.490
9.325
9.497
9.519
9.433
9.404
9.504
9.361
9.411
9.282
9.418
9.511
9.433
9.418
9.433
9.382
9.404
9.397
9.440
9.289
9.411
9.440
9.404
9.490
9.447
9.397
9.476
9.354
9.418
9.433
9.375
9.476
9.346
9.425
9.346
9.418
9.310
9.511
9.382
9.296
9.433
9.418
9.346
9.361
9.433
9.490
9.368
9.433
9.425
9.368
9.411
9.433
9.440
9.418
9.382
9.447
9.447
9.411
9.375
9.497
9.440
9.303
9.368
9.375
9.397
9.397
9.425
9.318
9.454
9.411
9.461
9.433
9.454
9.368
9.454
9.418
9.418
9.461
9.447
9.397
9.454
9.361
9.310
9.411
9.382
9.433
9.425
9.440
9.382
9.440
9.468
9.346
9.397
9.418
9.332
9.318
9.296
9.368
9.325
9.404
9.318
9.425
9.504
9.368
9.418
9.425
9.404
9.476
9.425
9.389
9.411
9.433
9.425
9.418
9.354
9.389
9.296
9.411
9.332
9.447
9.433
9.354
9.389
9.433
9.461
9.461
9.418
9.433
9.397
9.468
9.382
9.511
9.519
9.382
9.375
9.361
9.203
9.389
9.375
9.397
9.440
9.354
9.468
9.375
9.418
9.332
9.361
9.440
9.397
9.368
9.461
9.339
9.404
9.461
9.483
9.346
9.361
9.382
9.397
9.354
9.325
9.418
9.490
9.368
9.404
9.425
9.447
9.433
9.389
9.296
9.389
9.404
9.339
9.425
9.397
9.397
9.440
9.511
9.461
9.375
9.533
9.325
9.447
9.296
9.404
9.375
9.404
9.425
9.433
9.368
9.461
9.418
9.440
9.361
9.275
9.454
9.418
9.389
9.476
9.433
9.454
9.397
9.310
9.404
9.389
9.454
9.375
9.303
9.397
9.476
9.468
9.461
9.425
9.296
9.389
9.354
9.440
9.382
9.346
9.433
9.411
9.404
9.433
9.382
9.425
9.354
9.461
9.346
9.361
9.511
9.533
9.397
9.476
9.310
9.375
9.418
9.368
9.389
9.339
9.504
9.397
9.433
9.325
9.389
9.346
9.346
9.461
9.389
9.375
9.404
9.555
9.404
9.440
9.303
9.590
9.397
9.454
9.433
9.260
9.389
9.454
9.404
9.404
9.382
9.375
9.418
9.389
9.461
9.397
9.404
9.310
9.389
9.447
9.361
9.447
9.368
9.461
9.418
9.425
9.454
9.483
9.476
9.310
9.476
9.354
9.433
9.368
9.397
9.468
9.303
9.361
9.368
9.303
9.404
9.296
9.483
9.404
9.418
9.454
9.375
9.418
9.325
9.418
9.425
9.397
9.368
9.433
9.526
9.411
9.433
9.425
9.346
9.375
9.368
9.411
9.325
9.404
9.468
9.468
9.461
9.418
9.346
9.397
9.490
9.282
9.397
9.461
9.382
9.310
9.404
9.504
9.418
9.346
9.497
9.468
9.389
9.375
9.411
9.361
9.303
9.447
9.325
9.404
9.382
9.425
9.447
9.354
9.361
9.490
9.339
9.425
9.303
9.404
9.497
9.368
9.282
9.483
9.332
9.461
9.375
9.368
9.368
9.468
9.346
9.332
9.382
9.346
9.404
9.418
9.354
9.325
9.239
9.411
9.440
9.375
9.440
9.346
9.389
9.461
9.303
9.411
9.418
9.425
9.354
9.354
9.346
9.332
9.433
9.468
9.354
9.382
9.318
9.382
9.454
9.332
9.440
9.368
9.425
9.447
9.425
9.425
9.440
9.433
9.282
9.440
9.375
9.397
9.397
9.404
9.339
9.497
9.332
9.346
9.461
9.425
9.519
9.382
9.440
9.433
9.418
9.404
9.461
9.368
9.303
9.425
9.447
9.361
9.397
9.418
9.454
9.303
9.368
9.389
9.483
9.454
9.382
9.454
9.368
9.447
9.389
9.418
9.389
9.425
9.425
9.411
9.361
9.468
9.382
9.504
9.332
9.318
9.397
9.260
9.397
9.389
9.404
9.476
9.318
9.368
9.454
9.418
9.339
9.404
9.411
9.447
9.346
9.397
9.361
9.346
9.397
9.289
9.389
9.476
9.339
9.497
9.425
9.354
9.368
9.339
9.368
9.325
9.440
9.418
9.476
9.332
9.476
9.411
9.289
9.296
9.397
9.346
9.318
9.440
9.397
9.303
9.332
9.418
9.461
9.433
9.332
9.483
9.425
9.346
9.318
9.440
9.519
9.433
9.411
9.282
9.332
9.253
9.404
9.346
9.325
9.433
9.440
9.454
9.411
9.468
9.404
9.325
9.361
9.375
9.433
9.303
9.468
9.461
9.447
9.339
9.397
9.389
9.389
9.454
9.461
9.454
9.375
9.526
9.454
9.382
9.447
9.346
9.411
9.418
9.425
9.382
9.533
9.389
9.476
9.397
9.397
9.382
9.425
9.440
9.397
9.454
9.454
9.433
9.418
9.375
9.418
9.418
9.382
9.325
9.361
9.497
9.296
9.440
9.318
9.389
9.346
9.397
9.354
9.375
9.282
9.318
9.397
9.346
9.433
9.433
9.425
9.354
9.425
9.303
9.404
9.418
9.511
9.483
9.339
9.411
9.310
9.389
9.346
9.339
9.447
9.296
9.339
9.425
9.310
9.397
9.547
9.476
9.433
9.533
9.411
9.361
9.440
9.504
9.404
9.411
9.411
9.282
9.389
9.404
9.354
9.332
9.404
9.332
9.361
9.389
9.447
9.433
9.346
9.404
9.318
9.318
9.368
9.361
9.447
9.397
9.447
9.418
9.397
9.382
9.504
9.404
9.433
9.361
9.404
9.354
9.354
9.397
9.339
9.404
9.411
9.397
9.346
9.382
9.397
9.425
9.418
9.411
9.504
9.339
9.418
9.325
9.389
9.389
9.375
9.404
9.461
9.382
9.318
9.375
9.433
9.397
9.425
9.504
9.318
9.361
9.354
9.332
9.461
9.282
9.519
9.339
9.440
9.433
9.454
9.361
9.483
9.339
9.346
9.346
9.483
9.282
9.375
9.325
9.425
9.389
9.332
9.339
