9.397
9.490
9.526
9.504
9.447
9.483
9.533
9.440
9.418
9.526
9.375
9.519
9.547
9.555
9.540
9.504
9.454
9.533
9.476
9.555
9.447
9.526
9.526
9.447
9.619
9.476
9.576
9.461
9.497
9.447
9.533
9.461
9.533
9.540
9.476
9.483
9.533
9.411
9.504
9.533
9.569
9.569
9.490
9.454
9.511
9.447
9.454
9.483
9.540
9.447
9.562
9.519
9.569
9.547
9.619
9.612
9.468
9.440
9.483
9.461
9.526
9.590
9.447
9.504
9.483
9.490
9.425
9.368
9.526
9.583
9.547
9.468
9.418
9.511
9.504
9.555
9.504
9.497
9.447
9.476
9.526
9.590
9.490
9.425
9.519
9.447
9.569
9.483
9.483
9.476
9.497
9.562
9.454
9.511
9.447
9.447
9.454
9.476
9.497
9.433
9.511
9.433
9.562
9.504
9.511
9.447
9.433
9.598
9.490
9.397
9.519
9.569
9.490
9.425
9.497
9.490
9.282
9.576
9.433
9.504
9.397
9.569
9.504
9.476
9.511
9.382
9.562
9.497
9.540
9.461
9.526
9.490
9.497
9.447
9.418
9.382
9.476
9.461
9.490
9.641
9.397
9.454
9.318
9.468
9.397
9.490
9.425
9.504
9.526
9.497
9.461
9.490
9.382
9.497
9.526
9.404
9.497
9.490
9.533
9.562
9.476
9.526
9.440
9.519
9.598
9.447
9.454
9.440
9.368
9.447
9.382
9.533
9.447
9.504
9.318
9.555
9.440
9.404
9.562
9.519
9.440
9.504
9.447
9.447
9.447
9.418
9.411
9.440
9.497
9.483
9.397
9.418
9.519
9.454
9.468
9.440
9.504
9.404
9.404
9.404
9.483
9.440
9.397
9.497
9.433
9.490
9.483
9.519
9.411
9.497
9.547
9.468
9.483
9.411
9.555
9.526
9.361
9.411
9.375
9.461
9.361
9.511
9.433
10.229
9.454
9.770
9.433
9.526
9.433
9.547
9.519
9.504
9.440
9.468
9.425
9.339
9.404
9.519
9.404
9.533
9.447
9.354
9.433
9.483
9.547
9.504
9.497
9.504
9.490
9.454
9.389
9.511
9.346
9.461
9.447
9.483
9.397
9.468
9.519
9.519
9.490
9.440
9.461
9.418
9.382
9.519
9.569
9.397
9.418
9.389
9.461
9.519
9.490
9.375
9.325
9.418
9.397
9.433
9.375
9.461
9.447
9.447
9.454
9.504
9.483
9.490
9.461
9.497
9.468
9.440
9.490
9.468
9.490
9.389
9.454
9.368
9.447
9.447
9.418
9.425
9.555
9.397
9.468
9.454
9.497
9.511
9.404
9.440
9.404
9.404
9.375
9.476
9.526
9.483
9.375
9.555
9.504
9.433
9.490
9.476
9.504
9.447
9.346
9.497
9.425
9.296
9.447
9.361
9.468
9.605
9.411
9.461
9.425
9.447
9.547
9.454
9.382
9.461
9.504
9.483
9.447
9.511
9.368
9.418
9.476
9.454
9.361
9.468
9.490
9.454
9.382
9.440
9.519
9.468
9.468
9.483
9.461
9.454
9.440
9.404
9.519
9.547
9.332
9.382
9.511
9.533
9.497
9.425
9.418
9.504
9.418
9.468
9.519
9.483
9.354
9.425
9.418
9.820
9.418
9.447
9.504
9.411
9.476
9.425
9.476
9.555
9.375
9.468
9.433
9.425
9.454
9.454
9.490
9.404
9.454
9.447
9.519
9.483
9.476
9.526
9.346
9.540
9.411
9.418
9.490
9.389
9.461
9.354
9.533
9.461
9.425
9.418
9.497
9.490
9.533
9.375
9.425
9.425
9.433
9.346
9.447
9.476
9.483
9.289
9.382
9.454
9.461
9.210
9.519
9.318
9.354
9.490
9.382
9.461
9.354
9.368
9.418
9.483
9.425
9.368
9.447
9.454
9.404
9.418
9.511
9.440
9.461
9.418
9.511
9.490
9.375
9.468
9.454
9.418
9.375
9.490
9.476
9.468
9.418
9.361
9.490
9.354
9.447
9.382
9.576
9.425
9.519
9.296
9.461
9.461
9.397
9.375
9.332
9.339
9.490
9.375
9.318
9.511
9.461
9.411
9.447
9.325
9.440
9.382
9.490
9.497
9.361
9.497
9.433
9.454
9.375
9.447
9.468
9.404
9.418
9.461
9.397
9.382
9.433
9.389
9.461
9.404
9.397
9.404
9.389
9.368
9.397
9.476
9.497
9.476
9.404
9.461
9.461
9.425
9.447
9.590
9.389
9.318
9.404
9.490
9.476
9.418
9.346
9.440
9.433
9.490
9.404
9.418
9.583
9.461
9.562
9.310
9.354
9.440
9.382
9.497
9.375
9.411
9.354
9.440
9.497
9.440
9.404
9.454
9.361
9.454
9.447
9.411
9.418
9.468
9.389
9.511
9.389
9.404
9.411
9.468
9.511
9.404
9.483
9.346
9.411
9.368
9.389
9.411
9.382
9.433
9.476
9.411
9.576
9.368
9.404
9.497
9.389
9.425
9.346
9.375
9.397
9.397
9.354
9.346
9.282
9.468
9.397
9.425
9.382
9.382
9.497
9.476
9.382
9.354
9.346
9.461
9.511
9.404
9.511
9.476
9.404
9.418
9.440
9.526
9.102
9.806
9.404
9.476
9.490
9.483
9.447
9.382
9.433
9.375
9.468
9.447
9.382
9.447
9.497
9.318
9.483
9.497
9.476
9.533
9.483
9.490
9.483
9.425
9.382
9.533
9.461
9.361
9.461
9.389
9.476
9.339
9.476
9.511
9.368
9.433
9.454
9.425
9.468
9.404
9.433
9.389
9.533
9.375
9.411
9.433
9.476
9.368
9.382
9.389
9.411
9.411
9.389
9.382
9.339
9.540
9.332
9.354
8.966
9.361
9.081
9.411
9.368
9.461
9.339
9.411
9.332
9.339
9.519
9.318
9.490
9.483
9.418
9.468
9.497
9.368
9.361
9.490
9.440
9.476
9.425
9.425
9.375
9.389
9.418
9.461
9.425
9.440
9.418
9.526
9.418
9.440
9.433
9.397
9.461
9.361
9.440
9.483
9.332
9.368
9.461
9.440
9.382
9.354
9.332
9.440
9.483
9.440
9.282
9.368
9.368
9.404
9.397
9.468
9.598
9.440
9.389
9.440
9.404
9.397
9.368
9.382
9.332
9.454
9.447
9.389
9.389
9.476
9.411
9.433
9.303
9.404
9.368
9.490
9.433
9.461
9.526
9.504
9.497
9.382
9.468
9.397
9.483
9.346
9.468
9.332
9.318
9.425
9.497
9.476
9.418
9.418
9.411
9.318
9.418
9.497
9.325
9.461
9.497
9.440
9.476
9.397
9.375
9.389
9.418
9.433
9.425
9.447
9.490
9.389
9.368
9.476
9.483
9.303
9.346
9.411
9.468
9.461
9.411
9.454
9.389
9.425
9.411
9.440
9.332
9.425
9.461
9.346
9.339
9.425
9.354
9.397
9.440
9.483
9.461
9.368
9.454
9.447
9.440
9.418
9.397
9.382
9.411
9.404
9.425
9.325
9.303
9.418
9.433
9.404
9.375
9.318
9.332
9.440
9.368
9.389
9.447
9.397
9.346
9.339
9.433
9.375
9.332
9.511
9.382
9.339
9.418
9.454
9.511
9.411
9.490
9.404
9.411
9.404
9.411
9.310
9.354
7.351
9.354
9.648
9.476
9.476
9.461
9.433
9.397
9.440
9.361
9.497
9.382
9.433
9.447
9.454
9.454
9.354
9.425
9.461
9.325
9.440
9.397
9.440
9.368
9.425
9.562
9.411
9.476
9.447
9.476
9.389
9.425
9.389
9.425
9.447
9.440
9.339
9.440
9.468
9.483
9.397
9.411
9.440
9.404
9.239
9.425
9.483
9.418
9.476
9.375
9.339
9.361
9.440
9.418
9.490
9.418
9.375
9.397
9.332
9.332
9.418
9.440
9.447
9.440
9.296
9.404
9.497
9.339
9.519
9.454
9.440
9.368
9.339
9.296
9.454
9.511
9.375
9.325
9.468
9.447
9.497
9.411
9.526
9.461
9.397
9.354
9.425
9.476
9.332
9.411
9.526
9.433
9.497
9.418
9.310
9.404
9.368
9.418
9.397
9.354
9.411
9.468
9.526
9.454
9.411
9.397
9.325
9.447
9.382
9.425
9.425
9.404
9.389
9.504
9.483
9.310
9.411
9.404
9.483
9.626
9.425
9.296
9.433
9.246
9.447
9.354
9.447
9.504
9.404
9.425
9.246
9.483
9.346
9.425
9.461
9.346
9.461
9.368
9.425
9.361
9.425
9.511
9.239
9.232
9.425
9.397
9.447
9.440
9.526
9.540
9.217
9.404
9.368
9.382
9.454
9.433
9.433
9.382
9.332
9.433
9.382
9.346
9.346
9.519
9.612
9.598
9.332
9.748
9.346
9.389
9.361
9.447
9.418
9.447
9.339
9.382
9.418
9.354
9.490
9.303
9.461
9.404
9.461
9.504
9.267
9.425
9.354
9.440
9.389
9.433
9.476
9.382
9.282
9.562
9.433
9.361
9.404
9.346
9.397
9.483
9.476
9.397
9.382
9.346
9.361
9.411
9.483
9.310
9.354
9.576
9.382
9.397
9.389
9.354
9.605
9.296
9.282
9.382
9.476
9.468
9.497
9.418
9.404
9.368
9.389
9.275
9.404
9.267
9.519
9.476
9.354
9.411
9.447
9.468
9.404
9.476
9.540
9.418
9.389
9.440
9.382
9.368
9.433
9.411
9.440
9.497
9.440
9.303
9.404
9.447
9.440
9.526
9.203
9.540
9.511
9.483
9.404
9.547
9.540
9.382
9.447
9.526
9.267
9.339
9.375
9.332
9.533
9.440
9.332
9.461
9.461
9.318
9.397
9.440
9.354
9.425
9.440
9.325
9.389
9.425
9.404
9.504
9.325
9.411
9.382
9.325
9.325
9.461
9.404
9.483
9.375
9.375
9.318
9.490
9.526
9.389
9.418
9.339
9.440
9.389
9.109
9.346
9.461
9.454
9.425
9.433
9.332
9.404
9.461
9.346
9.354
9.411
9.490
9.361
9.490
9.418
9.397
9.433
9.425
9.289
9.454
9.339
9.440
9.418
9.562
9.454
9.267
9.354
9.605
9.397
9.275
9.339
9.224
9.203
9.468
9.375
9.253
9.461
9.368
9.361
9.382
9.476
9.325
9.124
9.354
9.404
9.440
9.260
9.447
9.382
9.310
9.375
9.433
9.404
9.454
9.339
9.354
9.361
9.418
9.332
9.346
9.368
9.325
9.382
9.368
9.325
9.411
9.497
9.425
9.404
9.490
9.447
9.483
9.418
9.404
9.483
9.361
9.447
9.332
9.382
9.425
9.440
9.368
9.533
9.081
9.346
9.440
9.425
9.461
9.368
9.375
9.310
9.411
9.468
9.361
9.519
9.418
9.468
9.404
9.648
9.260
9.433
9.354
9.354
9.346
9.339
9.361
9.425
9.411
9.397
9.404
9.346
9.375
9.354
9.447
9.389
9.389
9.246
9.354
9.346
9.339
9.433
9.397
9.375
9.275
9.318
9.468
9.318
9.425
9.418
9.404
9.397
9.468
9.425
9.476
9.382
9.433
9.296
9.476
9.267
9.433
9.346
9.447
9.497
9.447
9.325
9.310
9.368
9.411
9.361
9.440
9.454
9.375
9.411
9.454
9.476
9.468
9.375
9.454
9.303
9.318
9.368
9.397
9.375
9.454
9.454
9.425
9.425
9.461
9.411
9.382
9.468
9.411
9.346
9.382
9.375
9.361
9.425
9.490
9.339
9.389
9.418
9.440
9.368
9.368
9.418
9.433
9.440
9.346
9.454
9.447
8.995
9.511
9.440
9.303
9.346
9.382
9.346
9.354
9.397
9.440
9.511
9.418
9.368
9.332
9.375
9.447
9.368
9.354
9.476
9.411
9.433
9.275
9.310
9.476
9.382
7.473
9.454
9.282
8.801
9.598
9.440
9.303
9.440
9.332
9.468
9.483
9.397
9.375
9.440
9.397
9.425
9.418
9.483
9.526
9.339
9.404
9.354
9.468
9.454
9.476
9.454
9.375
9.346
9.433
9.447
9.440
9.411
9.318
9.468
9.404
9.504
9.425
9.490
9.497
9.296
9.433
9.117
9.468
9.275
9.368
9.411
9.354
9.282
9.447
9.447
9.325
9.275
9.232
9.440
9.368
9.267
9.389
9.440
9.411
9.397
9.418
9.339
9.332
9.361
9.282
9.454
9.404
9.404
9.382
9.397
9.368
9.354
9.318
9.332
9.332
9.511
9.397
9.454
9.433
9.404
9.404
9.332
9.476
9.476
9.368
9.397
9.346
9.332
9.404
9.368
9.382
9.397
9.454
9.411
9.361
9.368
9.504
9.361
9.346
9.411
9.354
9.468
9.361
9.354
9.440
9.404
9.382
9.375
9.519
9.440
9.332
9.425
9.310
9.447
9.440
9.318
9.411
9.447
9.310
9.375
9.296
9.318
9.375
9.325
9.461
9.389
9.454
9.382
9.382
9.332
9.346
9.397
9.440
9.368
9.375
9.468
9.382
9.346
9.282
9.425
9.361
9.411
9.411
9.361
9.418
9.397
9.389
9.325
9.389
9.433
9.519
9.454
9.461
9.397
9.289
9.382
9.346
9.375
9.389
9.382
9.433
9.354
9.433
9.447
9.375
9.346
9.397
9.468
9.332
9.440
9.339
9.519
9.368
9.318
9.483
9.440
9.375
9.389
9.461
9.476
9.325
9.389
9.418
9.425
9.318
9.433
9.382
9.382
9.397
9.368
9.433
9.389
9.346
9.411
9.540
9.296
9.404
9.375
9.325
9.354
9.354
9.325
9.397
9.382
9.318
9.296
9.368
9.354
9.447
9.411
9.433
9.411
9.583
9.397
9.440
9.354
9.282
9.433
9.497
9.433
9.368
9.411
9.325
9.389
9.332
9.425
9.253
9.339
9.375
9.476
9.382
9.425
9.354
9.497
9.375
9.461
9.375
9.339
9.454
9.440
9.303
9.454
9.440
9.418
9.382
9.389
9.318
9.433
9.382
9.354
9.332
9.425
9.361
9.461
9.375
9.196
9.318
9.361
9.404
9.440
9.404
9.433
9.418
9.461
9.433
9.375
9.411
9.382
9.361
9.404
9.418
9.418
9.339
9.296
9.167
9.303
9.368
9.318
9.382
9.346
9.325
9.404
9.325
9.375
9.375
9.346
9.354
9.354
9.418
9.411
9.447
9.397
9.389
9.447
9.418
9.440
9.382
9.382
9.325
9.454
9.375
9.425
9.389
9.368
9.411
9.433
9.210
9.447
9.375
9.397
9.411
9.361
9.433
9.382
9.425
9.382
9.483
9.425
9.389
9.447
9.382
9.468
9.382
9.310
9.382
9.411
9.404
9.483
9.375
9.397
9.411
9.310
9.418
9.346
9.375
9.275
9.447
9.397
9.440
9.418
9.296
9.511
9.411
9.253
9.389
9.124
9.447
9.461
9.339
9.519
9.425
9.325
9.325
9.433
9.375
9.447
9.490
9.411
9.476
9.289
9.382
9.483
9.318
9.339
9.526
9.318
9.346
9.368
9.440
9.411
9.433
9.404
9.282
9.454
9.440
9.476
9.382
9.325
9.346
9.375
9.224
9.354
9.425
9.447
9.389
9.519
9.504
9.440
9.425
9.310
9.275
9.476
9.318
9.318
9.411
9.361
9.375
9.468
9.361
9.325
9.339
9.411
9.310
9.404
9.346
9.389
9.382
9.375
9.275
9.389
9.332
9.389
9.389
9.468
9.325
9.346
9.267
9.389
9.511
9.411
9.375
9.361
9.397
9.418
9.325
9.433
9.282
9.361
9.411
9.483
9.397
9.382
9.382
9.382
9.447
9.318
9.461
9.382
9.418
9.346
9.433
9.411
9.397
9.411
9.425
9.440
9.368
9.361
9.440
9.404
9.411
9.354
9.483
9.368
9.318
9.267
9.382
9.411
9.468
9.382
9.382
9.368
9.382
9.325
9.354
9.375
9.389
9.490
9.318
9.368
9.282
9.418
9.339
9.354
9.440
9.303
9.303
9.404
9.346
9.382
9.289
9.339
9.389
9.418
9.332
9.440
9.368
9.332
9.318
9.339
9.389
9.346
9.318
9.375
9.354
9.282
9.339
9.454
9.210
9.397
9.440
9.397
9.310
9.404
9.361
9.318
9.332
9.375
9.425
9.339
9.397
9.354
9.389
9.490
9.382
9.397
9.332
9.289
9.411
9.447
9.476
9.404
9.454
9.232
9.497
9.332
9.332
9.382
9.296
9.368
9.246
9.454
9.397
9.411
9.368
9.267
9.411
9.454
9.461
9.361
9.361
9.361
9.339
9.433
9.447
9.361
9.310
9.382
9.267
9.354
9.368
9.354
9.397
9.404
9.289
9.440
9.275
9.339
9.354
9.540
9.389
9.361
9.454
9.397
9.397
9.476
9.368
9.375
9.389
9.461
9.361
9.375
9.239
9.368
9.375
9.418
9.382
9.411
9.346
9.375
9.404
9.411
9.425
9.397
9.346
9.354
9.433
9.461
9.490
9.375
9.339
9.447
9.389
9.325
9.447
9.382
9.454
9.404
9.411
9.310
9.490
9.447
9.447
9.232
9.404
9.461
9.476
9.440
9.346
9.389
9.440
9.483
9.354
9.433
9.296
9.519
9.468
9.339
9.397
9.397
9.375
9.397
9.397
9.368
9.483
9.447
9.440
9.418
9.397
9.418
9.425
9.440
9.310
9.368
9.483
9.346
9.476
9.389
9.246
9.354
9.346
9.411
9.382
9.310
9.397
9.354
9.490
9.461
9.447
9.483
9.447
9.397
9.382
9.368
9.433
9.346
9.289
9.310
9.368
9.389
9.433
9.404
9.418
9.418
9.418
9.418
9.354
9.318
9.253
9.289
9.497
9.361
9.425
9.418
9.476
9.375
9.296
9.361
9.368
9.354
9.511
9.346
9.418
9.389
9.239
9.267
9.318
9.519
9.346
9.275
9.404
9.354
9.411
9.447
9.339
9.074
9.361
9.246
9.375
9.368
9.282
9.461
9.368
9.361
9.382
9.389
9.454
9.418
9.411
9.332
9.296
9.454
9.397
9.339
9.483
9.411
9.325
9.411
9.368
9.346
9.382
9.310
9.418
9.303
9.289
9.339
9.404
9.411
9.296
9.303
9.425
9.354
9.411
9.361
9.440
9.339
9.361
9.418
9.411
9.310
9.425
9.346
9.389
9.354
9.325
9.382
9.296
9.375
9.325
9.354
9.368
9.397
9.375
9.260
9.382
9.504
9.354
9.411
9.418
9.303
9.425
9.210
9.397
9.411
9.332
9.332
9.361
9.368
9.418
9.296
9.361
9.397
9.440
9.253
9.476
9.389
9.389
9.483
9.346
9.267
9.389
9.411
9.404
9.346
9.433
9.440
9.325
9.361
9.461
9.440
9.310
9.397
9.354
9.454
9.296
9.483
9.461
9.303
9.483
9.354
9.433
9.425
9.411
9.433
9.433
9.389
9.404
9.411
9.454
9.296
9.375
9.490
9.411
9.411
9.404
9.461
9.511
9.440
9.447
9.440
9.346
9.375
9.397
9.346
9.476
9.461
9.310
9.382
9.411
9.382
9.389
9.440
9.361
9.346
9.483
9.404
9.454
9.303
9.404
9.361
9.318
9.411
9.425
9.361
9.389
9.397
9.346
9.368
9.375
9.411
9.346
9.368
9.404
9.433
9.382
9.433
9.346
9.303
9.418
9.325
9.361
9.483
9.368
9.375
9.404
9.368
9.332
9.289
9.389
9.468
9.511
9.275
9.397
9.361
9.239
9.461
9.354
9.282
9.511
9.468
9.404
9.375
9.418
9.397
9.318
9.368
9.346
9.325
9.354
9.361
9.346
9.303
9.389
9.389
9.404
9.325
9.397
9.447
9.354
9.289
9.346
9.339
9.440
9.332
9.310
9.397
9.361
9.447
9.397
9.504
9.411
9.325
9.318
9.332
9.382
9.296
9.346
9.354
9.425
9.332
9.382
9.497
9.425
9.310
9.368
9.389
9.504
9.318
9.483
9.389
9.246
9.346
9.375
9.368
9.411
9.433
9.346
9.346
9.354
9.468
9.411
9.382
9.440
9.397
9.382
9.382
9.425
9.325
9.354
9.346
9.476
9.267
9.332
9.354
9.318
9.354
9.282
9.282
9.318
9.318
9.296
9.325
9.339
9.310
9.389
9.418
9.310
9.490
9.389
9.461
9.318
9.411
9.483
9.418
9.354
9.447
9.418
9.447
9.303
9.411
9.368
9.332
9.346
9.468
9.325
9.389
9.461
9.404
9.411
9.267
9.433
9.411
9.325
9.354
9.375
9.253
9.375
9.476
9.447
9.418
9.325
9.339
9.325
9.325
9.339
9.476
9.282
9.440
9.404
9.339
9.253
9.519
9.354
9.411
9.310
9.332
9.368
9.368
9.447
9.382
9.354
9.346
9.447
9.368
9.411
9.375
9.246
9.483
9.490
9.318
9.447
9.404
9.332
9.346
9.389
9.425
9.332
9.217
9.411
9.389
9.418
9.389
9.433
9.375
9.418
9.461
9.411
