-0.632
-0.675
-0.790
-0.790
-0.689
-0.725
-0.833
-0.782
-0.703
-0.897
-0.818
-0.682
-0.775
-0.840
-0.754
-0.718
-0.804
-0.804
-0.711
-0.739
-0.747
-0.790
-0.782
-0.790
-0.869
-0.833
-0.797
-0.768
-0.818
-0.775
-0.883
-0.861
-0.811
-0.840
-0.797
-0.826
-0.797
-0.725
-0.833
-0.732
-0.732
-0.861
-0.869
-0.840
-0.711
-0.876
-0.861
-0.840
-0.890
-0.833
-0.818
-0.775
-0.897
-0.847
-0.826
-0.782
-0.876
-0.876
-0.833
-0.768
-0.854
-0.854
-0.818
-0.811
-0.919
-0.804
-0.811
-0.897
-0.933
-0.826
-0.754
-0.775
-0.883
-0.847
-0.861
-0.854
-0.869
-0.869
-0.948
-0.983
-0.890
-0.840
-0.919
-0.933
-0.869
-0.869
-0.826
-0.904
-0.861
-0.797
-0.926
-0.912
-0.883
-0.883
-2.893
-0.840
-0.840
-0.847
-0.876
-0.926
-0.826
-0.890
-0.912
-0.919
-0.818
-0.912
-0.962
-0.883
-0.818
-0.919
-0.940
-0.854
-0.926
-0.962
-0.955
-0.861
-0.876
-0.926
-0.912
-0.869
-0.940
-0.912
-0.840
-0.912
-0.854
-0.933
-0.804
-0.919
-0.948
-1.012
-0.869
-0.904
-0.969
-0.969
-0.904
-0.833
-1.041
-0.955
-0.948
-0.919
-1.055
-0.904
-0.976
-0.897
-0.976
-0.976
-0.840
-0.940
-0.948
-0.983
-0.983
-0.883
-0.940
-0.912
-0.991
-0.926
-0.897
-0.869
-0.904
-0.948
-0.976
-0.861
-0.991
-1.019
-0.933
-1.019
-0.983
-0.890
-0.919
-0.897
-0.919
-0.883
-0.955
-0.912
-0.912
-0.962
-1.012
-0.897
-0.876
-1.005
-0.890
-0.940
-0.976
-0.912
-1.019
-0.969
-0.904
-0.933
-0.926
-0.904
-0.904
-0.983
-0.991
-0.833
-0.904
-0.940
-0.948
-0.933
-0.976
-0.940
-0.969
-0.948
-0.983
-0.962
-0.919
-0.955
-0.919
-1.005
-0.969
-0.926
-0.976
-1.034
-0.890
-0.890
-0.998
-0.948
-0.933
-0.933
-0.976
-1.005
-0.919
-0.876
-0.890
-1.027
-0.998
-0.948
-0.804
-0.976
-0.983
-0.998
-0.847
-1.048
-0.948
-0.983
-1.041
-0.991
-1.019
-0.940
-0.919
-1.034
-1.055
-0.955
-0.962
-1.041
-0.904
-0.912
-1.005
-0.955
-0.955
-1.070
-1.077
-0.854
-1.077
-1.005
-0.976
-0.948
-1.019
-1.034
-1.005
-1.041
-0.991
-0.983
-1.163
-0.983
-1.019
-1.062
-1.048
-0.983
-0.991
-1.012
-1.005
-0.991
-0.962
-1.005
-1.034
-1.012
-0.926
-1.005
-0.976
-0.919
-0.983
-0.983
-1.005
-0.962
-0.976
-0.991
-1.041
-1.005
-0.926
-0.998
-0.940
-0.962
-0.948
-0.955
-0.976
-0.969
-0.962
-1.062
-1.070
-1.027
-1.027
-1.084
-1.019
-1.012
-0.998
-1.070
-0.955
-0.926
-0.883
-1.005
-0.976
-0.933
-0.969
-0.948
-1.005
-1.062
-0.976
-0.983
-0.904
-0.883
-0.948
-1.077
-0.998
-0.983
-0.969
-0.969
-1.005
-0.983
-0.962
-1.005
-1.062
-0.976
-1.027
-0.969
-0.969
-0.983
-1.070
-1.070
-1.055
-1.062
-1.012
-1.077
-0.976
-1.019
-0.940
-1.027
-1.206
-1.055
-0.983
-0.948
-0.976
-0.933
-0.955
-1.027
-0.983
-0.991
-1.070
-1.084
-0.948
-0.940
-1.091
-1.012
-0.926
-0.983
-0.976
-0.976
-1.019
-1.005
-1.070
-1.156
-0.983
-0.976
-1.105
-1.055
-1.084
-1.005
-1.019
-1.055
-0.998
-1.070
-0.962
-1.062
-0.998
-0.991
-1.019
-1.012
-1.041
-1.055
-0.962
-0.991
-0.969
-1.070
-1.084
-1.055
-1.192
-1.005
-1.041
-0.969
-0.991
-1.034
-1.034
-1.120
-1.012
-1.005
-1.034
-1.091
-1.012
-0.940
-1.012
-0.998
-1.019
-1.055
-1.127
-1.048
-1.149
-1.077
-1.070
-1.041
-1.041
-1.070
-1.048
-1.084
-1.019
-1.041
-0.948
-1.098
-1.012
-1.091
-0.991
-1.005
-1.098
-1.048
-1.113
-1.041
-0.933
-1.055
-1.034
-1.091
-0.998
-1.005
-0.983
-1.034
-1.062
-1.113
-0.976
-1.098
-1.048
-1.027
-1.062
-1.019
-1.041
-1.113
-1.091
-1.027
-1.113
-0.991
-1.012
-1.105
-1.070
-0.983
-1.091
-1.041
-0.926
-0.969
-1.062
-0.969
-1.005
-1.084
-1.077
-1.041
-1.019
-0.991
-0.998
-0.998
-1.005
-1.091
-1.034
-1.034
-1.012
-1.127
-0.940
-1.070
-1.055
-1.156
-1.134
-0.998
-0.940
-1.062
-0.940
-1.041
-1.062
-1.084
-1.163
-1.098
-0.955
-1.084
-1.041
-0.955
-1.077
-1.098
-1.041
-1.055
-1.034
-1.113
-1.041
-1.027
-1.005
-1.156
-1.113
-1.077
-1.084
-1.077
-1.206
-1.134
-0.976
-1.077
-1.134
-1.091
-1.048
-1.213
-1.070
-1.113
-1.005
-0.976
-1.005
-1.105
-1.091
-1.019
-1.098
-1.098
-1.041
-1.062
-1.062
-0.940
-1.048
-1.041
-0.976
-1.400
-1.070
-1.077
-1.098
-1.091
-1.062
-1.113
-1.055
-1.005
-1.048
-1.055
-1.062
-1.012
-1.077
-1.048
-1.055
-1.134
-1.084
-1.034
-1.156
-1.098
-1.098
-1.019
-1.027
-1.062
-1.163
-1.134
-1.041
-1.134
-1.012
-1.027
-1.141
-1.156
-1.041
-1.055
-1.012
-1.098
-1.098
-1.070
-1.062
-1.163
-1.098
-1.084
-1.070
-1.163
-1.041
-1.098
-1.041
-1.070
-1.048
-1.091
-1.048
-0.969
-1.141
-1.055
-1.192
-1.163
-0.998
-1.034
-1.120
-1.170
-1.091
-1.120
-1.084
-1.105
-0.983
-1.141
-1.055
-0.976
-1.091
-1.120
-1.120
-1.070
-1.120
-1.041
-1.034
-0.991
-1.077
-1.141
-1.127
-1.027
-1.062
-1.105
-1.070
-1.120
-1.019
-1.091
-1.077
-1.077
-1.012
-1.156
-1.120
-1.048
-1.141
-0.991
-1.005
-1.034
-1.062
-1.041
-1.177
-1.062
-1.098
-1.091
-1.113
-1.041
-1.070
-1.170
-1.077
-1.113
-1.206
-1.091
-1.070
-1.206
-1.177
-1.192
-1.048
-1.048
-1.141
-1.027
-1.127
-1.127
-1.242
-1.084
-1.084
-1.170
-1.105
-1.163
-1.206
-1.091
-1.084
-1.091
-1.027
-1.084
-1.055
-1.019
-1.170
-1.084
-1.027
-1.149
-1.156
-1.077
-1.206
-1.192
-1.091
-1.005
-1.141
-1.192
-1.170
-1.034
-1.149
-1.127
-1.070
-0.998
-1.149
-1.113
-1.084
-1.149
-1.156
-1.113
-1.055
-1.127
-1.070
-1.084
-1.070
-1.084
-1.091
-1.113
-1.149
-1.098
-1.170
-1.105
-1.149
-1.163
-1.163
-1.077
-1.062
-1.077
-1.012
-1.120
-1.170
-1.048
-1.077
-1.034
-1.077
-1.120
-1.048
-1.084
-1.062
-1.105
-1.141
-1.098
-1.127
-1.019
-1.098
-1.055
-1.134
-1.220
-1.062
-1.091
-1.105
-1.120
-1.149
-1.055
-1.127
-0.969
-1.048
-1.091
-1.070
-1.134
-1.098
-1.055
-1.127
-1.278
-1.055
-1.127
-1.070
-1.184
-1.149
-1.034
-1.141
-1.019
-1.034
-1.027
-1.113
-0.976
-1.091
-1.113
-1.177
-1.163
-1.034
-1.084
-1.199
-1.199
-1.177
-1.184
-1.077
-1.084
-1.127
-1.120
-1.077
-1.098
-1.127
-1.077
-1.077
-1.091
-1.105
-1.084
-1.141
-1.134
-1.127
-1.055
-1.120
-1.170
-1.120
-1.077
-1.170
-1.184
-1.091
-1.141
-1.134
-1.120
-1.127
-1.077
-1.141
-1.134
-1.055
-1.034
-1.134
-1.077
-1.034
-1.141
-1.163
-1.055
-1.213
-1.156
-1.149
-1.156
-1.105
-1.249
-1.105
-1.048
-1.242
-1.084
-1.199
-1.192
-1.098
-1.034
-1.134
-1.098
-1.141
-1.084
-1.105
-1.184
-1.070
-1.156
-1.055
-1.149
-1.027
-1.141
-1.141
-1.012
-1.134
-1.041
-1.163
-1.070
-1.091
-1.084
-1.127
-1.134
-1.070
-1.062
-1.192
-1.070
-1.019
-1.034
-1.177
-1.027
-1.105
-1.199
-1.091
-1.105
-1.070
-1.206
-1.127
-1.098
-1.163
-1.192
-1.163
-1.091
-1.199
-1.113
-1.084
-1.134
-1.271
-1.077
-1.134
-1.120
-1.141
-1.163
-1.098
-1.012
-1.098
-1.105
-1.091
-1.091
-1.070
-1.213
-1.134
-1.141
-1.127
-1.177
-1.113
-1.256
-1.077
-1.141
-1.127
-1.127
-1.070
-1.055
-1.120
-1.192
-1.170
-1.113
-1.055
-1.141
-1.177
-1.192
-1.156
-1.163
-1.141
-1.084
-1.170
-1.206
-1.098
-1.113
-1.134
-1.149
-1.113
-1.077
-1.192
-1.048
-1.084
-1.113
-1.062
-1.120
-1.070
-1.134
-1.177
-1.177
-1.027
-1.149
-1.149
-1.206
-1.113
-1.170
-1.070
-1.070
-1.098
-1.091
-1.084
-1.091
-1.091
-1.206
-1.105
-1.170
-1.170
-1.127
-1.120
-1.098
-1.134
-1.055
-1.091
-1.127
-1.228
-1.084
-1.141
-1.163
-1.141
-1.062
-1.163
-1.177
-1.141
-1.170
-1.177
-1.120
-1.192
-1.163
-1.199
-1.177
-1.156
-1.249
-1.177
-1.127
-1.127
-1.141
-1.098
-1.070
-1.184
-1.163
-1.084
-1.134
-1.091
-1.220
-1.213
-1.228
-1.156
-1.213
-1.177
-1.134
-1.127
-1.098
-1.084
-1.263
-1.156
-1.199
-1.113
-1.127
-1.127
-1.105
-1.113
-1.141
-1.141
-1.156
-1.098
-1.170
-1.120
-1.292
-1.184
-1.019
-1.149
-1.098
-1.163
-1.134
-1.077
-1.141
-1.163
-1.213
-1.041
-1.177
-1.098
-1.199
-1.156
-1.156
-1.228
-1.113
-1.163
-1.220
-1.149
-1.184
-1.163
-1.170
-1.163
-1.170
-1.134
-1.170
-1.127
-1.098
-1.170
-1.170
-1.220
-1.127
-1.192
-1.141
-1.062
-1.062
-1.062
-1.163
-1.242
-1.228
-1.249
-1.141
-1.184
-1.070
-1.199
-1.149
-1.141
-1.170
-1.278
-1.120
-1.127
-1.170
-1.113
-1.113
-1.127
-1.242
-1.278
-1.177
-1.184
-1.213
-1.120
-1.127
-1.141
-1.177
-1.134
-1.141
-1.120
-1.134
-1.249
-1.213
-1.192
-1.127
-1.149
-1.127
-1.156
-1.120
-1.177
-1.034
-1.156
-1.249
-1.105
-1.141
-1.163
-1.120
-1.127
-1.213
-1.192
-1.163
-1.163
-1.055
-1.170
-1.070
-1.105
-1.149
-1.177
-1.177
-1.156
-1.077
-1.177
-1.113
-1.141
-1.120
-1.220
-1.192
-1.192
-1.213
-1.149
-1.141
-1.170
-1.206
-1.141
-1.113
-1.134
-1.220
-1.120
-1.113
-1.184
-1.228
-1.105
-1.192
-1.184
-1.127
-1.120
-1.199
-1.177
-1.105
-1.120
-1.127
-1.177
-1.170
-1.113
-1.199
-1.149
-1.134
-1.170
-1.120
-1.091
-1.163
-1.235
-1.184
-1.177
-1.213
-1.113
-1.141
-1.127
-1.199
-1.177
-1.192
-1.220
-1.177
-1.163
-1.184
-1.034
-1.156
-1.192
-1.091
-1.134
-1.213
-1.134
-1.134
-1.220
-1.242
-1.163
-1.134
-1.141
-1.199
-1.149
-1.213
-1.163
-1.199
-1.127
-1.156
-1.062
-1.156
-1.149
-1.149
-1.105
-1.105
-1.141
-1.170
-1.192
-1.120
-1.149
-1.098
-1.263
-1.134
-1.127
-1.177
-1.249
-1.120
-1.149
-1.206
-1.192
-1.192
-1.120
-1.156
-1.113
-1.177
-1.263
-1.177
-1.149
-1.299
-1.192
-1.127
-1.170
-1.220
-1.184
-1.177
-1.192
-1.192
-1.228
-1.098
-1.141
-1.170
-1.077
-1.134
-1.098
-1.213
-1.213
-1.134
-1.141
-1.249
-1.278
-1.156
-1.256
-1.271
-1.170
-1.156
-1.256
-1.177
-1.098
-1.285
-1.156
-1.184
-1.163
-1.170
-1.192
-1.177
-1.149
-1.113
-1.235
-1.184
-1.070
-1.141
-1.206
-1.156
-1.177
-1.249
-1.184
-1.156
-1.091
-1.235
-1.141
-1.127
-1.156
-1.184
-1.400
-1.163
-1.199
-1.141
-1.170
-1.134
-1.127
-1.156
-1.184
-1.163
-1.141
-1.170
-1.213
-1.077
-1.192
-1.206
-1.256
-1.149
-1.177
-1.299
-1.170
-1.149
-1.141
-1.256
-1.213
-1.249
-1.156
-1.199
-1.213
-1.177
-1.199
-1.184
-1.120
-1.228
-1.206
-1.170
-1.220
-1.091
-1.163
-1.228
-1.163
-1.163
-1.199
-1.184
-1.306
-1.271
-1.292
-1.199
-1.170
-1.206
-1.242
-1.206
-1.170
-1.177
-1.220
-1.177
-1.199
-1.220
-1.235
-1.163
-1.149
-1.170
-1.170
-1.235
-1.177
-1.206
-1.113
-1.199
-1.199
-1.177
-1.141
-1.177
-1.228
-1.249
-1.184
-1.134
-1.177
-1.184
-1.113
-1.127
-1.199
-1.184
-1.199
-1.149
-1.206
-1.192
-1.070
-1.199
-1.156
-1.192
-1.084
-1.192
-1.184
-1.156
-1.206
-1.256
-1.235
-1.141
-1.077
-1.192
-1.213
-1.184
-1.134
-1.134
-1.163
-1.149
-1.156
-1.184
-1.163
-1.228
-1.199
-1.170
-1.228
-1.342
-1.184
-1.206
-1.256
-1.170
-1.199
-1.199
-1.127
-1.163
-1.206
-1.177
-1.213
-1.206
-1.177
-1.070
-1.228
-1.192
-1.184
-1.163
-1.192
-1.220
-1.156
-1.177
-1.177
-1.228
-1.091
-1.177
-1.235
-1.163
-1.206
-1.199
-1.120
-1.141
-1.192
-1.105
-1.285
-1.120
-1.141
-1.163
-1.177
-1.163
-1.206
-1.192
-1.156
-1.113
-1.278
-1.213
-1.127
-1.163
-1.199
-1.177
-1.249
-1.206
-1.084
-1.213
-1.120
-1.156
-1.163
-1.220
-1.170
-1.170
-1.098
-1.242
-1.177
-1.120
-1.263
-1.127
-1.170
-1.163
-1.278
-1.184
-1.062
-1.213
-1.220
-1.141
-1.170
-1.184
-1.314
-1.120
-1.206
-1.163
-1.256
-1.206
-1.098
-1.156
-1.177
-1.177
-1.299
-1.206
-1.206
-1.055
-1.220
-1.141
-1.170
-1.213
-1.163
-1.184
-1.141
-1.199
-1.163
-1.149
-1.285
-1.184
-1.149
-1.134
-1.242
-1.170
-1.170
-1.271
-1.170
-1.184
-1.278
-1.249
-1.220
-1.184
-1.199
-1.263
-1.220
-1.062
-1.134
-1.235
-1.206
-1.149
-1.242
-1.206
-1.184
-1.113
-1.105
-1.228
-1.192
-1.177
-1.192
-1.263
-1.235
-1.206
-1.192
-1.184
-1.249
-1.256
-1.156
-1.213
-1.170
-1.199
-1.170
-1.091
-1.163
-1.177
-1.235
-1.170
-1.228
-1.170
-1.199
-1.127
-1.120
-1.271
-1.134
-1.235
-1.220
-1.163
-1.156
-1.170
-1.120
-1.149
-1.220
-1.206
-1.206
-1.163
-1.177
-1.170
-1.242
-1.242
-1.206
-1.220
-1.199
-1.278
-1.149
-1.149
-1.199
-1.306
-1.199
-1.163
-1.163
-1.249
-1.170
-1.220
-1.220
-1.220
-1.213
-1.306
-1.141
-1.120
-1.199
-1.213
-1.156
-1.213
-1.149
-1.113
-1.177
-1.163
-1.299
-1.192
-1.105
-1.228
-1.220
-1.199
-1.235
-1.213
-1.184
-1.127
-1.113
-1.228
-1.242
-1.077
-1.170
-1.220
-1.177
-1.220
-1.134
-1.235
-1.134
-1.127
-1.314
-1.184
-1.134
-1.184
-1.235
-1.170
-1.213
-1.256
-1.256
-1.199
-1.127
-1.192
-1.292
-1.213
-1.213
-1.242
-1.184
-1.206
-1.091
-1.192
-1.213
-1.177
-1.141
-1.156
-1.306
-1.213
-1.184
-1.206
-1.256
-1.127
-1.206
-1.177
-1.149
-1.228
-1.184
-1.228
-1.292
-1.256
-1.120
-1.184
-1.134
-1.271
-1.321
-1.184
-1.163
-1.285
-1.271
-1.192
-1.105
-1.184
-1.199
-1.141
-1.184
-1.242
-1.177
-1.163
-1.213
-1.170
-1.184
-1.285
-1.220
-1.249
-1.134
-1.120
-1.206
-1.149
-1.149
-1.220
-1.113
-1.192
-1.213
-1.278
-1.220
-1.149
-1.177
-1.271
-1.263
-1.192
-1.170
-1.206
-1.199
-1.156
-1.235
-1.235
-1.256
-1.235
-1.170
-1.285
-1.213
-1.228
-1.256
-1.163
-1.285
-1.228
-1.206
-1.263
-1.184
-1.206
-1.199
-1.235
-1.156
-1.213
-1.199
-1.184
-1.206
-1.292
-1.242
-1.220
-1.156
-1.170
-1.271
-1.263
-1.156
-1.249
-1.228
-1.271
-1.184
-1.149
-1.242
-1.249
-1.149
-1.242
-1.149
-1.285
-1.249
-1.199
-1.228
-1.228
-1.235
-1.228
-1.184
-1.177
-1.213
-1.184
-1.299
-1.213
-1.206
-1.163
-1.163
-1.256
-1.235
-1.228
-1.228
-1.292
-1.249
-1.192
-1.184
-1.120
-1.271
-1.206
-1.156
-1.149
-1.314
-1.156
-1.141
-1.206
-1.292
-1.134
-1.192
-1.184
-1.271
-1.228
-1.156
-1.242
-1.220
-1.271
-1.120
-1.213
-1.213
-1.156
-1.199
-1.242
-1.134
-1.199
-1.192
-1.249
-1.228
-1.113
-1.177
-1.213
-1.242
-1.220
-1.163
-1.184
-1.177
-1.220
-1.206
-1.220
-1.206
-1.199
-1.242
-1.285
-1.177
-1.127
-1.199
-1.321
-1.278
-1.156
-1.299
-1.285
-1.070
-1.192
-1.235
-1.256
-1.206
-1.228
-1.163
-1.062
-1.120
-1.199
-1.328
-1.184
-1.213
-1.242
-1.249
-1.263
-1.192
-1.213
-1.256
-1.192
-1.184
-1.235
-1.235
-1.263
-1.235
-1.256
-1.228
-1.184
-1.256
-1.177
-1.163
-1.199
-1.263
-1.235
-1.263
-1.149
-1.170
-1.235
-1.177
-1.184
-1.220
-1.271
-1.141
-1.170
-1.220
-1.184
-1.163
-1.228
-1.306
-1.256
-1.156
-1.213
-1.235
-1.249
-1.192
-1.192
-1.263
-1.163
-1.098
-1.278
-1.184
-1.213
-1.242
-1.177
-1.163
-1.199
-1.163
-1.220
-1.228
-1.228
-1.149
-1.249
-1.177
-1.184
-1.213
-1.271
-1.256
-1.177
-1.256
-1.228
-1.184
-1.228
-1.285
-1.192
-1.249
-1.127
-1.263
-1.235
-1.213
-1.192
-1.314
-1.220
-1.235
-1.292
-1.170
-1.213
-1.242
-1.228
-1.184
-1.242
-1.149
-1.249
-1.228
-1.206
-1.199
-1.256
-1.220
-1.170
-1.163
-1.220
-1.242
-1.134
-1.271
-1.249
-1.220
-1.156
-1.184
-1.299
-1.192
-1.170
-1.263
-1.149
-1.163
-1.220
-1.192
-1.206
-1.206
-1.199
-1.228
-1.199
-1.242
-1.249
-1.213
-1.206
-1.249
-1.263
-1.235
-1.206
-1.228
-1.199
-1.249
-1.105
-1.184
-1.278
-1.235
-1.235
-1.177
-1.235
-1.228
-1.170
-1.321
-1.163
-1.213
-1.149
-1.199
-1.220
-1.199
-1.249
-1.271
-1.141
-1.242
-1.220
-1.213
-1.292
-1.149
-1.242
-1.163
-1.249
-1.285
-1.235
-1.213
-1.206
-1.235
-1.235
-1.263
-1.220
-1.306
-1.163
-1.256
-1.235
-1.192
-1.156
-1.206
-1.220
-1.184
-1.192
-1.170
-1.271
-1.170
-1.242
-1.213
-1.228
-1.134
-1.249
-1.213
-1.292
-1.156
-1.249
-1.328
-1.228
-1.242
-1.228
-1.177
-1.163
-1.206
-1.206
-1.228
-1.184
-1.170
-1.256
-1.235
-1.192
-1.170
-1.228
-1.213
-1.235
-1.184
-1.299
-1.429
-1.170
-1.213
-1.249
-1.242
-1.306
-1.163
-1.156
-1.278
-1.292
-1.192
-1.170
-1.228
-1.249
-1.192
-1.170
-1.242
-1.213
-1.249
-1.184
-1.134
-1.213
-1.256
-1.163
-1.235
-1.192
-1.228
-1.177
-1.292
-1.170
-1.228
-1.220
-1.256
-1.285
-1.206
-1.220
-1.228
-1.278
-1.184
-1.263
-1.206
-1.213
-1.184
-1.242
-1.220
-1.199
-1.292
-1.292
-1.170
-1.249
-1.256
-1.192
-1.335
-1.235
-1.206
-1.235
-1.228
-1.271
-1.220
-1.350
-1.601
-1.141
-1.149
-1.242
-1.184
-1.184
-1.235
-1.242
-1.213
-1.249
-1.220
-1.235
-1.271
-1.263
-1.177
-1.263
-1.192
-1.321
-1.192
-1.199
-1.163
-1.220
-1.335
-1.271
-1.206
-1.105
-1.263
-1.285
-1.184
-1.235
-1.256
-1.213
-1.170
-1.235
-1.328
-1.199
-1.192
-1.228
-1.285
-1.292
-1.357
-1.249
-1.242
-1.156
-1.228
-1.192
-1.242
-1.256
-1.228
-1.321
-1.206
-1.213
-1.256
-1.163
-1.278
-1.242
-1.192
-1.249
-1.235
-1.199
-1.199
-1.256
-1.163
-1.184
-1.292
-1.306
-1.213
-1.228
-1.242
-1.271
-1.271
-1.263
-1.177
-1.228
-1.156
-1.206
-1.299
-1.192
-1.271
-1.249
-1.120
-1.235
-1.192
-1.228
-1.206
-1.206
-1.206
-1.163
-1.206
-1.292
-1.278
-1.271
-1.199
-1.199
-1.306
-1.299
-1.235
-1.242
-1.184
-1.213
-1.263
-1.271
-1.206
-1.220
-1.271
-1.213
-1.192
-1.206
-1.228
-1.263
-1.206
-1.242
-1.235
-1.170
-1.199
-1.285
-1.314
-1.235
-1.141
-1.220
-1.228
-1.199
-1.299
-1.292
-1.242
-1.177
-1.306
-1.206
-1.220
-1.242
-1.271
-1.170
-1.220
-1.271
-1.285
-1.314
-1.192
-1.263
-1.213
-1.228
-1.213
-1.278
-1.271
-1.256
-1.263
-1.278
-1.285
-1.249
-1.285
-1.292
-1.199
-1.292
-1.292
-1.199
-1.235
-1.199
-1.228
-1.199
-1.120
-1.242
-1.220
-1.242
-1.278
-1.228
-1.242
-1.263
-1.285
-1.220
-1.156
-1.184
-1.192
-1.177
-1.163
-1.306
-1.278
-1.357
-1.285
-1.199
-1.292
-1.328
-1.235
-1.306
-1.213
-1.177
-1.292
-1.306
-1.170
-1.278
-1.263
-1.192
-1.256
-1.228
-1.249
-1.235
-1.177
-1.170
-1.364
-1.184
-1.228
-1.285
-1.228
-1.271
-1.220
-1.235
-1.228
-1.292
-1.328
-1.220
-1.156
-1.314
-1.213
-1.213
-1.235
-1.048
-1.299
-1.206
-1.242
-1.206
-1.314
-1.242
-1.163
-1.278
-1.242
-1.235
-1.177
-1.163
-1.184
-1.285
-1.213
-1.278
-1.228
-1.278
-1.206
-1.228
-1.278
-1.278
-1.242
-1.271
-1.235
-1.242
-1.306
-1.292
-1.350
-1.342
-1.220
-1.249
-1.385
-1.263
-1.249
-1.321
-1.292
-1.299
-1.242
-1.192
-1.263
-1.242
-1.213
-1.228
-1.213
-1.256
-1.249
-1.235
-1.249
-1.285
-1.228
-1.321
-1.235
-1.256
-1.299
-1.242
-1.292
-1.242
-1.220
-1.242
-1.199
-1.306
-1.228
-1.098
-1.321
-1.306
-1.263
-1.321
-1.256
-1.314
-1.213
-1.220
-1.271
-1.235
-1.170
-1.184
-1.220
-1.177
-1.213
-1.206
-1.292
-1.220
-1.314
-1.285
-1.220
-1.285
-1.242
-1.278
-1.285
-1.350
-1.249
-1.235
-1.299
-1.285
-1.256
-1.299
-1.278
-1.242
-1.199
-1.228
-1.235
-1.141
-1.220
-1.299
-1.450
-1.228
-1.242
-1.306
-1.263
-1.278
-1.206
-1.199

