9.504
9.433
9.511
9.669
9.476
9.461
9.476
9.504
9.504
9.519
9.490
9.547
9.511
9.461
9.540
9.533
9.569
9.540
9.418
9.547
9.562
9.598
9.555
9.655
9.605
9.547
9.555
9.598
9.569
9.519
9.461
9.634
9.569
9.562
9.540
9.619
9.555
9.511
9.526
9.590
9.440
9.555
9.504
9.569
9.511
9.533
9.576
9.461
9.540
9.547
9.519
9.648
9.576
9.612
9.555
9.533
9.547
9.533
9.619
9.533
9.533
9.526
9.583
9.547
9.598
9.576
9.504
9.547
9.425
9.433
9.504
9.468
9.540
9.583
9.547
9.497
9.598
9.526
9.497
9.705
9.562
9.655
9.468
9.583
9.626
9.562
9.648
9.411
9.504
9.598
9.698
9.820
9.684
9.504
4.587
9.519
9.655
9.569
9.569
9.576
9.454
9.626
9.598
9.605
9.583
9.605
9.540
9.533
9.555
9.562
9.447
9.598
9.511
9.576
9.533
9.490
9.533
9.519
9.526
9.547
9.562
9.655
9.648
9.533
9.547
9.526
9.547
9.626
9.590
9.619
9.634
9.569
9.626
9.555
9.547
9.605
9.641
9.569
9.598
9.626
9.583
9.626
9.569
9.605
9.555
9.612
9.533
9.569
9.605
9.540
9.598
9.619
9.526
9.569
9.433
9.562
9.634
9.526
9.583
9.533
9.605
9.619
9.598
9.533
9.605
9.619
9.540
9.504
9.555
9.576
9.533
9.712
9.569
9.497
9.634
9.504
9.619
9.562
9.533
9.555
9.511
9.540
9.490
9.576
9.569
9.576
9.569
9.555
9.626
9.612
9.562
9.569
9.468
9.576
9.533
9.598
9.569
9.476
9.605
9.576
9.511
9.504
9.677
9.533
9.634
9.483
9.555
9.555
9.590
9.490
9.619
9.569
9.490
9.605
9.641
9.519
9.634
9.612
9.619
9.598
9.590
9.569
9.483
9.497
9.569
9.547
9.476
9.555
9.583
9.526
9.511
9.519
9.598
9.569
9.590
9.555
9.547
9.605
9.497
9.547
9.619
9.461
9.526
9.598
9.598
9.490
9.598
9.655
9.626
9.569
9.540
9.461
9.641
9.669
9.634
9.590
9.526
9.504
9.598
9.504
9.598
9.634
9.619
9.569
9.555
9.533
9.540
9.598
9.547
9.612
9.605
9.590
9.511
9.576
9.504
9.555
9.562
9.562
9.648
9.526
9.612
9.626
9.555
9.540
9.634
9.626
9.605
9.605
9.540
9.605
9.583
9.504
9.562
9.490
9.648
9.533
9.555
9.476
9.576
9.490
9.641
9.605
9.598
9.648
9.598
9.598
9.519
9.533
9.648
9.634
9.519
9.519
9.497
9.662
9.511
9.583
9.605
9.605
9.555
9.655
9.533
9.533
9.411
9.741
9.626
9.590
9.598
9.569
9.634
9.533
9.669
9.569
9.519
9.655
9.519
9.576
9.555
9.626
9.483
9.461
9.569
9.634
9.677
9.662
9.576
9.655
9.770
9.727
9.497
9.698
9.476
9.641
9.526
9.619
9.583
9.504
9.569
9.519
9.555
9.526
9.562
9.619
9.626
9.662
9.569
9.634
9.540
9.662
9.547
9.339
9.533
9.619
9.547
9.590
9.540
9.576
9.547
9.612
9.540
9.799
9.641
9.533
9.526
9.526
9.519
9.598
9.555
9.504
9.634
9.691
9.770
9.655
9.727
9.569
9.555
9.526
9.648
9.590
9.526
9.511
9.547
9.569
9.569
9.569
9.555
9.562
9.619
9.511
9.590
9.576
9.634
9.612
9.648
9.497
9.641
9.490
9.619
9.511
9.598
9.555
9.641
9.562
9.569
9.619
9.677
9.547
9.720
9.605
9.590
9.526
9.626
9.540
9.634
9.569
9.519
9.576
9.662
9.662
9.648
9.677
9.540
9.555
9.576
9.590
9.648
9.583
9.705
9.626
9.547
9.504
9.590
9.540
9.540
9.468
9.598
9.497
9.519
9.669
9.504
9.626
9.576
9.598
9.648
9.468
9.583
9.605
9.497
9.590
9.555
9.583
9.634
9.576
9.598
9.641
9.547
9.655
9.504
9.612
9.569
9.576
9.648
9.626
9.648
9.519
9.504
9.533
9.519
9.641
9.569
9.533
9.655
9.655
9.547
9.526
9.555
9.612
9.547
9.576
9.562
9.447
9.569
9.547
9.540
9.526
9.619
9.526
9.519
9.562
9.497
9.612
9.490
9.569
9.526
9.562
9.461
9.626
9.411
9.583
9.476
9.605
9.511
9.519
9.562
9.519
9.641
9.555
9.533
9.447
9.662
9.655
9.555
9.612
9.634
9.648
9.583
9.669
9.626
11.514
9.483
9.648
9.533
9.447
9.569
9.540
9.547
9.504
9.540
9.612
9.612
9.612
9.519
9.598
9.511
9.583
9.598
9.576
9.590
9.555
9.576
9.605
9.533
9.519
9.626
9.533
9.662
9.605
9.669
9.533
9.662
9.569
9.612
9.569
9.590
9.655
9.555
9.576
9.547
9.576
9.619
9.576
9.598
9.562
9.590
9.583
9.562
9.555
9.612
9.641
9.576
9.634
9.490
9.583
9.511
9.612
9.626
9.619
9.490
9.677
9.612
9.540
9.677
9.648
9.576
9.555
9.555
9.641
9.540
9.519
9.598
9.476
9.555
9.562
9.662
9.677
9.569
9.555
9.504
9.626
9.626
9.533
9.626
9.526
9.598
9.504
9.533
9.576
9.526
9.605
9.547
9.583
9.562
9.626
9.605
9.569
9.547
9.540
9.626
9.655
9.519
9.576
9.684
9.590
9.511
9.555
9.576
9.547
9.612
9.619
9.483
9.555
9.712
9.497
9.562
9.555
9.576
9.619
9.540
9.504
9.504
9.662
9.583
9.669
9.634
9.555
9.669
9.590
9.648
9.583
9.598
9.655
9.547
9.547
9.562
9.605
9.562
9.634
9.411
9.533
9.712
9.662
9.483
9.533
9.562
9.634
9.562
9.641
9.576
9.562
9.612
9.619
9.547
9.634
9.519
9.634
9.562
9.490
9.641
9.612
9.634
9.533
9.526
9.605
9.626
9.533
9.590
9.669
9.476
9.583
9.598
9.555
9.619
9.583
9.454
9.447
9.555
9.885
9.533
9.619
9.540
9.540
9.669
9.576
9.533
9.497
9.612
9.540
9.562
9.519
9.677
9.712
9.526
9.583
9.540
9.497
9.698
9.612
9.634
9.655
9.562
9.576
9.677
9.583
9.303
9.590
9.547
9.605
9.655
9.634
9.605
9.598
9.662
9.569
9.619
9.519
9.626
9.634
9.648
9.547
9.641
9.511
9.626
9.562
9.806
9.648
9.634
9.612
9.605
9.590
9.576
9.626
9.648
9.555
9.569
9.533
9.648
9.526
9.648
9.540
9.576
9.605
9.626
9.641
9.677
9.691
9.562
9.555
9.540
9.547
9.547
9.655
9.641
9.641
9.655
9.634
9.605
9.511
9.691
9.655
9.540
9.526
9.555
9.641
9.562
9.511
9.598
9.612
9.569
9.562
9.547
9.598
9.648
9.641
9.526
9.605
9.619
9.540
9.533
9.555
9.576
9.533
9.590
9.648
9.576
9.605
9.497
9.590
9.519
9.461
9.476
9.605
9.612
9.619
9.576
9.583
9.605
9.519
9.583
9.677
9.576
9.598
9.533
9.504
9.634
9.619
9.669
9.533
9.540
9.634
9.569
9.598
9.490
9.634
9.669
9.655
9.605
9.576
9.562
9.619
9.562
9.605
9.583
9.590
9.555
9.569
9.562
9.684
9.626
9.547
9.648
9.583
9.497
9.540
9.555
9.626
9.576
9.576
9.612
9.655
9.569
9.598
9.576
9.605
9.605
9.483
9.684
9.655
9.619
9.669
9.583
9.547
9.569
9.519
9.583
9.662
9.562
9.605
9.691
9.598
9.612
9.504
9.555
9.612
9.605
9.504
9.576
9.669
9.619
9.698
9.540
9.526
9.533
9.540
9.569
9.655
9.590
9.526
9.626
9.598
9.483
9.763
9.576
9.598
9.468
9.547
9.598
9.576
9.576
9.677
9.590
9.483
9.669
9.612
9.770
9.490
9.741
9.612
9.590
9.576
9.605
9.590
9.562
9.612
9.612
9.526
9.626
9.634
9.562
9.483
9.619
9.576
9.490
9.569
9.576
9.684
9.648
9.540
9.669
9.519
9.612
9.612
9.655
9.533
9.476
9.619
9.547
9.605
9.619
9.619
9.612
9.698
9.641
9.576
9.626
9.519
9.533
9.634
9.598
9.655
9.612
9.655
9.547
9.504
9.569
9.547
9.497
9.511
9.669
9.662
9.540
9.612
9.626
9.598
9.562
9.547
9.590
9.619
9.569
9.519
9.583
9.626
9.583
9.576
9.519
9.734
9.547
9.727
9.519
9.526
9.576
9.519
9.619
9.555
9.576
9.519
9.698
9.339
9.562
9.598
9.555
9.504
9.555
9.540
9.677
9.605
9.691
9.655
9.569
9.612
9.590
9.648
9.598
9.634
9.626
9.691
9.533
9.705
9.562
9.533
9.748
9.590
9.605
9.547
9.641
9.605
9.569
9.547
9.648
9.490
9.547
9.440
9.511
9.562
9.590
9.497
9.626
9.612
9.590
9.648
9.590
9.634
9.555
9.626
9.619
9.555
9.605
9.677
9.619
9.555
9.555
9.569
9.533
9.612
9.576
9.547
9.533
9.598
9.511
9.583
9.612
9.590
9.533
9.569
9.590
9.526
9.634
9.605
9.555
9.598
9.540
9.533
9.569
9.605
9.576
9.634
9.677
9.590
9.526
9.655
9.583
9.626
9.547
9.555
9.540
9.648
9.576
9.583
9.555
9.540
9.547
9.590
9.483
9.569
9.605
9.540
9.734
9.691
9.576
9.590
9.569
9.576
9.612
9.547
9.619
9.605
9.576
9.511
9.669
9.662
9.590
9.583
9.583
9.641
9.519
9.669
9.619
9.562
9.626
9.619
9.569
9.540
9.504
9.641
9.727
9.583
9.454
9.497
9.540
9.555
9.569
9.547
9.511
9.526
9.519
9.583
9.569
9.598
9.626
9.598
9.476
9.569
9.626
9.705
9.720
9.533
9.662
9.598
9.590
9.519
9.569
9.583
9.511
9.727
9.619
9.612
9.590
9.626
9.540
9.540
9.533
9.569
9.605
9.547
9.612
9.569
9.598
9.605
9.483
9.662
9.598
9.626
9.562
9.519
9.605
9.612
9.634
9.648
9.504
9.677
9.619
9.562
9.555
9.612
9.576
9.590
9.583
9.576
9.519
9.590
9.648
9.698
9.583
9.626
9.562
9.569
9.533
9.598
9.634
9.526
9.497
9.648
9.526
9.720
9.533
9.483
9.626
9.705
9.612
9.648
9.612
9.590
9.533
9.712
9.547
9.497
9.626
9.562
9.540
9.490
9.648
9.648
9.468
9.555
9.447
9.684
9.626
9.526
9.533
9.612
9.619
9.590
9.598
9.483
9.576
9.533
9.741
9.504
9.124
9.619
9.569
9.583
9.590
9.562
9.375
9.626
9.669
9.634
9.497
9.576
9.540
9.583
9.533
9.468
9.619
9.562
9.519
9.576
9.619
9.555
9.605
9.590
9.569
9.634
9.504
9.712
9.533
9.605
9.590
9.511
9.540
9.468
9.626
9.511
9.483
9.576
9.598
9.555
9.727
9.569
9.634
9.519
9.712
9.540
9.555
9.497
9.576
9.576
9.612
9.555
9.605
9.691
9.504
9.727
9.648
9.519
9.619
9.526
9.547
9.576
9.605
9.634
9.583
9.533
9.598
9.555
9.583
9.598
9.583
9.598
9.648
9.576
9.612
9.612
9.590
9.590
9.634
9.569
9.555
9.590
9.562
9.598
9.555
9.476
9.605
9.562
9.490
9.540
9.619
9.605
9.712
9.533
9.634
9.641
9.583
9.655
9.504
9.555
9.569
9.504
9.540
9.433
9.555
9.526
9.619
9.583
9.619
9.569
9.497
9.526
9.555
9.583
9.519
9.461
9.540
9.576
9.490
9.332
9.583
9.605
9.612
9.626
9.540
9.504
9.569
9.476
9.576
9.576
9.562
9.540
9.555
9.519
9.547
9.511
9.612
9.583
9.569
9.590
9.598
9.605
9.634
9.626
9.662
9.605
9.698
9.562
9.583
9.511
9.655
9.519
9.519
9.454
9.562
9.583
9.590
9.648
9.576
9.634
9.533
9.612
9.626
9.562
9.626
9.626
9.562
9.533
9.555
9.612
9.318
9.619
9.562
9.677
9.626
9.483
9.677
9.655
9.626
9.526
9.691
9.583
9.576
9.612
9.533
9.677
9.619
9.583
9.598
9.612
9.612
9.497
9.569
9.619
9.562
9.619
9.648
9.634
9.756
9.641
9.576
9.511
9.555
9.562
9.684
9.583
9.583
9.547
9.669
9.655
9.576
9.590
9.691
9.533
9.583
9.605
9.562
9.569
9.590
9.526
9.540
9.590
9.540
9.555
9.590
9.598
9.576
9.569
9.662
9.476
9.619
9.634
9.555
9.590
9.497
9.612
9.511
9.598
9.555
9.562
9.634
9.555
9.612
9.734
9.605
9.533
9.626
9.612
9.619
9.605
9.619
9.619
9.598
9.619
9.569
9.576
9.583
9.727
9.555
9.562
9.669
9.547
9.626
9.497
9.555
9.562
9.540
9.540
9.547
9.612
9.641
9.547
9.626
9.576
9.648
9.626
9.476
9.590
9.590
9.511
9.583
9.562
9.490
9.540
9.533
9.519
9.641
9.641
9.712
9.547
9.562
9.626
9.519
9.504
9.648
9.576
9.569
9.626
9.634
9.526
9.562
9.547
9.590
9.547
9.634
9.540
9.540
9.583
9.634
9.605
9.669
9.598
9.605
9.598
9.511
9.576
9.576
9.634
9.511
9.598
9.576
9.677
9.612
9.583
9.655
9.684
9.519
9.691
9.641
9.490
9.511
9.612
9.576
9.626
9.555
9.576
9.497
9.605
9.540
9.540
9.569
9.698
9.511
9.547
9.619
9.655
9.540
9.605
9.583
9.519
9.569
9.684
9.626
9.533
9.576
9.533
9.669
9.526
9.583
9.490
9.547
9.533
9.476
9.598
9.497
9.598
9.547
9.655
9.598
9.605
9.540
9.576
9.583
9.504
9.598
9.612
9.612
9.562
9.547
9.533
9.576
9.634
9.662
9.511
9.555
9.569
9.590
9.598
9.555
9.504
9.526
9.583
9.583
9.634
9.576
9.555
9.648
9.612
9.519
9.662
9.634
9.605
9.641
9.576
9.540
9.605
9.504
9.576
9.619
9.605
9.612
9.626
9.669
9.562
9.619
9.619
9.612
9.526
9.576
9.519
9.425
9.590
9.583
9.533
9.705
9.569
9.476
9.590
9.562
9.598
9.562
9.526
9.605
9.483
9.605
9.562
9.605
9.598
9.583
9.662
9.576
9.590
9.533
9.519
9.526
9.576
9.562
9.598
9.655
9.590
9.562
9.555
9.619
9.590
9.533
9.511
9.533
9.476
9.526
9.598
9.598
9.705
9.576
9.648
9.468
9.590
9.634
9.605
9.612
9.504
9.540
9.504
9.576
9.562
9.519
9.619
9.461
9.655
9.598
9.511
9.533
9.590
9.648
9.612
9.590
9.598
9.626
9.619
9.598
9.562
9.641
9.612
9.605
9.569
9.562
9.540
9.547
9.598
9.490
9.583
9.540
9.562
9.468
9.511
9.519
9.519
9.619
9.605
9.641
9.483
9.454
9.605
9.619
9.605
9.583
9.612
9.648
9.468
9.511
9.619
9.547
9.447
9.555
9.705
9.569
9.468
9.662
9.533
9.590
9.655
9.526
9.648
9.576
9.519
9.555
9.497
9.677
9.511
9.612
9.576
9.540
9.655
9.655
9.562
9.526
9.576
9.712
9.705
9.547
9.612
9.540
9.590
9.583
9.605
9.576
9.497
9.562
9.540
9.619
9.569
9.590
9.576
9.619
9.555
9.547
9.619
9.626
9.576
9.533
9.526
9.569
9.583
9.476
9.540
9.583
9.669
9.641
9.562
9.533
9.626
9.741
9.533
9.583
9.598
9.619
9.504
9.669
9.612
9.583
9.634
9.590
9.511
9.576
9.612
9.612
9.562
9.626
9.533
9.583
9.483
9.583
9.626
9.590
9.619
9.511
9.583
9.533
9.576
9.684
9.555
9.583
9.598
9.576
9.590
9.612
9.698
9.648
9.598
9.634
9.533
9.720
9.533
9.504
9.626
9.648
9.619
9.461
9.727
9.562
9.547
9.648
9.555
9.547
9.519
9.605
9.576
9.576
9.648
9.612
9.626
9.555
9.598
9.605
9.547
9.447
9.619
9.605
9.605
9.569
9.669
9.598
9.583
9.547
9.555
9.511
9.598
9.483
9.540
9.540
9.569
9.511
9.612
9.519
9.598
9.655
9.634
9.511
9.576
9.634
9.533
9.526
9.648
9.583
9.562
9.533
9.641
9.533
9.583
9.547
9.562
9.590
9.612
9.562
9.576
9.555
9.598
9.619
9.555
9.519
9.605
9.612
9.612
9.569
9.555
9.555
9.605
9.562
9.562
9.598
9.583
9.626
9.612
9.533
9.533
9.576
9.590
9.598
9.583
9.598
9.540
9.612
9.655
9.619
9.619
9.576
9.583
9.619
9.504
9.547
9.698
9.519
9.511
9.526
9.576
9.461
9.662
9.569
9.547
9.698
9.598
9.612
9.583
9.504
9.598
9.555
9.612
9.555
9.619
9.684
9.605
9.526
9.533
9.605
9.583
9.533
9.619
9.626
9.590
9.547
9.655
9.612
9.540
9.555
9.519
9.641
9.576
9.569
9.619
8.980
9.533
9.598
9.598
9.583
9.705
9.648
9.590
9.540
9.497
9.626
9.634
9.547
9.598
9.605
9.576
9.662
9.641
9.490
9.598
9.619
9.583
9.634
9.547
9.648
9.684
9.483
9.519
9.526
9.504
9.555
9.619
9.598
9.612
9.511
9.562
9.619
9.626
9.626
9.612
9.569
9.626
9.562
9.583
9.519
9.533
9.583
9.619
9.540
9.490
9.576
9.504
9.748
9.562
9.634
9.540
9.583
9.569
9.447
9.612
9.669
9.770
9.511
9.504
9.756
9.540
9.598
9.569
9.619
9.576
9.547
9.583
9.555
9.562
9.569
9.555
9.605
9.504
9.497
9.576
9.590
9.569
9.547
9.533
9.569
9.634
9.555
9.569
9.511
9.555
9.612
9.576
9.619
9.547
9.533
9.605
9.547
9.605
9.612
9.547
9.641
9.583
9.605
9.669
9.619
9.569
9.569
9.576
9.519
9.598
9.519
9.655
9.468
9.619
9.655
9.476
9.598
9.504
9.641
9.454
9.605
9.576
9.598
9.526
9.641
9.461
9.626
9.540
9.547
9.533
9.583
9.533
9.605
9.576
9.569
9.648
9.648
9.641
9.598
9.569
9.598
9.497
9.504
9.490
9.605
9.526
9.634
9.655
9.519
9.511
9.590
9.619
9.547
9.583
9.540
9.476
9.605
9.504
9.655
9.655
9.504
9.583
9.511
9.533
9.669
9.698
9.576
9.619
9.648
9.562
9.540
9.490
9.598
9.569
9.583
9.576
9.526
9.691
9.540
9.612
9.634
9.253
9.555
9.555
9.576
9.662
9.605
9.655
9.626
9.555
9.576
9.605
9.533
9.569
9.662
9.483
9.634
9.576
9.569
9.555
9.641
9.655
9.662
9.562
9.476
9.619
9.619
9.677
9.748
9.677
9.748
9.655
9.583
9.677
9.605
9.605
9.497
9.626
9.605
9.569
9.583
9.598
9.626
9.619
9.583
9.533
9.555
9.590
9.641
9.511
9.526
9.634
9.540
9.626
9.547
9.562
9.612
9.598
9.655
9.605
9.562
9.526
9.555
9.433
9.684
9.684
9.562
9.583
9.626
9.583
9.619
9.555
9.511
9.583
9.648
9.712
9.576
9.641
9.662
9.741
9.691
9.562
9.669
9.590
9.483
9.590
9.619
9.519
9.619
9.454
9.605
9.720
9.655
9.483
9.540
9.705
9.598
9.734
9.698
9.619
9.641
9.569
9.677
9.619
9.526
9.569
9.562
9.598
9.619
9.547
9.634
9.526
9.576
9.569
9.483
9.705
9.547
9.533
9.684
9.576
9.547
9.533
9.583
9.540
9.490
9.598
9.684
9.605
9.519
9.447
9.590
9.598
9.626
9.648
9.533
9.583
9.605
9.576
9.655
9.490
9.483
9.497
9.634
9.590
9.547
9.547
9.648
9.511
9.533
9.555
9.605
9.590
9.504
9.562
9.540
9.648
9.677
9.389
9.648
9.677
9.598
9.641
9.562
9.540
9.504
9.569
9.540
9.526
9.619
9.583
9.576
9.698
9.540
9.626
9.641
9.511
9.562
9.583
9.655
9.511
9.562
9.562
9.519
9.555
9.454
9.598
9.626
9.540
9.569
9.562
9.598
9.655
9.569
9.612
9.540
9.619
9.547
9.712
9.691
9.712
9.555
9.504
9.605
9.540
9.540
9.562
