9.698
9.655
9.598
9.691
9.698
9.662
9.634
9.677
9.669
9.612
9.619
9.641
9.634
9.662
9.770
9.677
9.626
9.720
9.619
9.791
9.655
9.648
9.662
9.734
9.684
9.691
9.605
9.662
9.705
9.698
9.648
9.669
9.684
9.598
9.669
9.748
9.677
9.583
9.720
9.705
9.720
9.662
9.705
9.705
9.583
9.576
9.605
9.827
9.705
9.684
9.576
9.677
9.655
9.555
9.662
9.598
9.691
9.720
9.698
9.655
9.583
9.720
9.705
9.677
9.634
9.691
9.827
9.641
9.712
9.605
9.684
9.576
9.741
9.727
9.526
9.813
9.720
9.605
9.598
9.684
9.705
9.605
9.684
9.684
9.598
9.626
9.684
9.684
9.605
9.677
9.641
9.641
9.576
9.648
9.605
9.598
9.784
9.648
9.648
9.698
9.619
9.590
9.756
9.626
9.720
9.598
9.684
9.583
9.619
9.727
9.691
9.634
9.691
9.590
9.677
9.662
9.626
9.641
9.677
9.712
9.698
9.655
9.791
9.777
9.720
9.634
9.756
9.662
9.748
9.741
9.677
9.648
9.648
9.727
9.662
9.677
9.720
9.748
9.727
9.684
9.698
9.576
9.763
9.727
9.677
9.598
9.748
9.590
9.756
9.648
9.720
9.691
9.641
9.727
9.677
9.698
9.648
9.669
9.712
9.748
9.655
9.655
9.777
9.612
9.619
9.626
9.669
9.619
9.569
9.720
9.648
9.712
9.748
9.684
9.634
9.634
9.641
9.712
9.705
9.720
9.727
9.705
9.712
9.669
9.540
9.705
9.648
9.691
9.612
9.641
9.641
9.677
9.655
9.734
9.741
9.705
9.677
9.691
9.677
9.662
9.791
9.705
9.634
9.641
9.641
9.720
9.734
9.569
9.662
9.677
9.698
9.669
9.691
9.626
9.698
9.626
9.662
9.605
9.720
9.677
9.677
9.741
9.691
9.619
9.626
9.605
9.655
9.619
9.720
9.712
9.590
9.648
9.684
9.662
9.648
9.698
9.756
9.748
9.748
9.669
9.741
9.590
9.583
9.598
9.763
9.669
9.698
9.698
9.634
9.619
9.677
9.677
9.684
9.634
9.741
9.662
9.691
9.748
9.669
9.748
9.763
9.698
9.684
9.598
9.605
9.698
9.583
9.605
9.712
9.756
9.655
9.619
9.626
9.748
9.612
9.684
9.720
9.605
9.662
9.712
9.648
9.612
9.540
9.648
9.720
9.720
9.684
9.705
9.756
9.626
9.662
9.813
9.684
9.626
9.677
9.684
9.662
9.619
9.612
9.634
9.612
9.698
9.763
9.655
9.691
9.669
9.619
9.720
9.698
9.720
9.720
9.691
9.712
9.598
9.827
9.684
9.648
9.655
9.662
9.583
9.626
9.641
9.619
9.275
9.741
9.612
9.648
9.669
9.662
9.705
9.598
9.727
9.612
9.648
9.626
9.619
9.655
9.619
9.669
9.590
9.547
9.634
9.605
9.677
9.720
9.669
9.677
9.712
9.641
9.734
9.677
9.691
9.662
9.763
9.734
9.677
9.648
9.540
9.634
9.677
9.756
9.634
9.698
9.626
9.634
9.705
9.741
9.741
9.547
9.626
9.655
9.712
9.626
9.612
9.648
9.612
9.712
9.634
9.648
9.598
9.698
9.691
9.727
9.727
9.705
9.720
9.626
9.698
9.669
9.741
9.583
9.641
9.605
9.619
9.741
9.662
9.648
9.619
9.684
9.583
9.634
9.684
9.698
9.655
9.727
9.641
9.626
9.634
9.705
9.799
9.698
9.626
9.684
9.741
9.734
9.777
9.684
9.741
9.655
9.605
9.598
9.641
9.734
9.741
9.684
9.612
9.712
9.712
8.959
9.526
9.583
9.691
9.705
9.698
9.669
9.698
9.677
9.612
9.641
9.669
9.669
9.641
9.648
9.813
9.799
9.519
9.727
9.590
9.569
9.626
9.483
9.669
9.691
9.662
9.634
9.720
9.605
9.655
9.626
9.684
9.705
9.583
9.605
9.727
9.590
9.698
9.698
9.727
9.712
9.590
9.777
9.784
9.626
9.641
9.770
9.634
9.698
9.641
9.720
9.634
9.684
9.698
9.684
9.619
9.677
9.748
9.720
9.612
9.720
9.648
9.648
9.583
9.705
9.669
9.727
9.756
9.684
9.756
9.598
9.734
9.605
9.569
9.698
9.669
9.626
9.849
9.698
9.791
9.662
9.662
9.626
9.705
9.677
9.720
9.612
9.712
9.662
9.727
9.576
9.720
9.677
9.648
9.634
9.669
9.727
9.626
9.662
9.641
9.705
9.641
9.662
9.720
9.662
9.698
9.691
9.727
9.626
9.748
9.720
9.727
9.641
9.598
9.598
9.655
9.641
9.669
9.698
9.669
9.734
9.634
9.741
9.612
9.705
9.590
9.612
9.562
9.698
9.641
9.612
9.612
9.662
9.648
9.662
9.669
9.727
9.590
9.691
9.669
9.698
9.684
9.605
9.605
9.698
9.734
9.813
9.691
9.540
9.619
9.641
9.799
9.641
9.662
9.720
9.619
9.727
9.677
9.705
9.662
9.655
9.698
9.626
9.763
9.748
9.677
9.727
9.684
9.712
9.641
9.655
9.684
9.634
9.756
9.791
9.748
9.626
9.626
9.770
9.655
9.634
9.598
9.612
9.662
9.598
9.763
9.691
9.720
9.712
9.763
9.669
9.691
9.669
9.605
9.712
9.648
9.727
9.655
9.770
9.677
9.619
9.691
9.612
9.691
9.576
9.619
9.705
9.770
9.727
9.605
9.612
9.626
9.720
9.641
9.598
9.583
9.712
9.669
9.662
9.691
9.677
9.605
9.705
9.634
9.705
9.540
9.655
9.698
9.626
9.641
9.612
9.669
9.712
9.677
9.705
9.684
9.576
9.677
9.691
9.576
9.648
9.619
9.583
9.806
9.619
9.705
9.634
9.634
9.684
9.641
9.598
9.677
9.684
9.734
9.626
9.698
9.634
9.691
9.770
9.748
9.641
9.684
9.784
9.634
9.748
9.691
9.677
9.662
9.669
9.669
9.720
9.669
9.612
9.619
9.655
9.669
9.669
9.698
9.619
9.634
9.648
9.748
9.634
9.648
9.698
9.648
9.641
9.641
9.720
9.720
9.705
9.727
9.720
9.720
9.720
9.619
9.712
9.684
9.763
9.634
9.691
9.720
9.655
9.662
9.712
9.576
9.662
9.691
9.634
9.576
9.684
9.691
9.727
9.677
9.727
9.684
9.612
9.684
9.748
9.712
9.662
9.669
9.669
9.634
9.756
9.605
9.662
9.619
9.712
9.605
9.619
9.734
9.547
9.555
9.540
9.612
9.734
9.698
9.626
9.648
9.720
9.598
9.669
9.598
9.677
9.705
9.734
9.583
9.691
9.641
9.634
9.705
9.720
9.698
9.712
9.619
9.662
9.641
9.655
9.655
9.720
9.698
9.677
9.662
9.569
9.605
9.698
9.662
9.684
9.698
9.712
9.655
9.662
9.576
9.634
9.648
9.626
9.691
9.669
9.569
9.641
9.741
9.712
9.712
9.727
9.669
9.741
9.720
9.705
9.691
9.662
9.540
9.720
9.712
9.655
9.734
9.605
9.583
9.835
9.756
9.705
9.677
9.612
9.612
9.612
9.562
9.691
9.727
9.655
9.555
9.669
9.641
9.662
9.648
9.619
9.626
9.705
9.641
9.669
9.705
9.727
9.727
9.756
9.634
9.691
9.741
9.712
9.741
9.634
9.684
9.662
9.770
9.741
9.641
9.756
9.691
9.605
9.641
9.712
9.712
9.727
9.598
9.655
9.612
9.569
9.691
9.669
9.634
9.827
9.727
9.655
9.655
9.669
9.691
9.655
9.734
9.598
9.698
9.698
9.705
9.827
9.590
9.705
9.677
9.598
9.540
9.626
9.590
9.662
9.569
9.598
9.641
9.641
9.648
9.734
9.655
9.741
9.590
9.705
9.619
9.698
9.641
9.626
9.748
9.669
9.605
9.705
9.626
9.669
9.763
9.634
9.626
9.720
9.655
9.712
9.655
9.562
9.720
9.576
9.691
9.605
9.677
9.669
9.691
9.791
9.634
9.684
9.641
9.619
9.626
9.562
9.598
9.705
9.734
9.691
9.712
9.648
9.677
9.712
9.741
9.669
9.598
9.626
9.605
9.605
9.540
9.727
9.669
9.684
9.698
9.748
9.576
9.756
9.634
9.619
9.698
9.648
9.655
9.669
9.569
9.720
9.734
9.677
9.655
9.691
9.626
9.712
9.691
9.669
9.641
9.705
9.626
9.677
9.626
9.669
9.662
9.691
9.634
9.720
9.669
9.677
9.677
9.669
9.662
9.677
9.540
9.626
9.540
9.705
9.712
9.605
9.763
9.712
9.648
9.662
9.691
9.698
9.691
9.734
9.842
9.684
9.741
9.662
9.669
9.626
9.698
9.598
9.648
9.662
9.634
9.820
9.533
9.684
9.720
9.784
9.698
9.734
9.655
9.648
9.669
9.748
9.662
9.734
9.698
9.691
9.576
9.583
9.569
9.605
9.705
9.727
9.712
9.756
9.655
9.669
9.763
9.791
9.619
9.626
9.698
9.677
9.720
9.712
9.648
9.770
9.634
9.641
9.720
9.634
9.684
9.720
9.655
9.669
9.540
9.720
9.641
9.712
9.763
9.612
9.669
9.684
9.763
9.705
9.677
9.634
9.705
9.720
9.684
9.590
9.562
9.712
9.576
9.734
9.669
9.727
9.756
9.626
9.763
9.720
9.655
9.626
9.669
9.677
9.655
9.641
9.641
9.590
9.598
9.849
9.712
9.526
9.626
9.756
9.583
9.648
9.626
9.756
9.705
9.662
9.669
9.734
9.662
9.677
9.662
9.662
9.648
9.490
9.712
9.691
9.626
9.705
9.641
9.741
9.634
9.619
9.705
9.820
9.612
9.662
9.669
9.712
9.634
9.712
9.598
9.641
9.648
9.734
9.741
9.626
9.684
9.763
9.712
9.619
9.655
9.619
9.641
9.705
9.727
9.684
9.748
9.756
9.590
9.756
9.691
9.698
9.662
9.626
9.720
9.583
9.748
9.655
9.662
9.583
9.590
9.677
9.590
9.741
9.698
9.705
9.756
9.691
9.655
9.677
9.669
9.576
9.641
9.720
9.720
9.691
9.741
9.648
9.684
9.698
9.626
9.605
9.777
9.684
9.626
9.612
9.648
9.547
9.590
9.705
9.727
9.720
9.626
9.691
9.569
9.669
9.634
9.720
9.655
9.598
9.576
9.641
9.705
9.727
9.698
9.705
9.562
9.648
9.648
9.641
9.641
9.691
9.590
9.720
9.748
9.626
9.698
9.705
9.712
9.612
9.655
9.598
9.684
9.720
9.691
9.734
9.655
9.705
9.705
9.734
9.684
9.612
9.626
9.569
9.626
9.569
9.720
9.648
9.677
9.677
9.727
9.605
9.684
9.705
9.691
9.756
9.698
9.641
9.705
9.583
9.684
9.626
9.669
9.756
9.669
9.720
9.540
9.612
9.684
9.569
9.605
9.555
9.605
9.698
9.641
9.705
9.712
9.583
9.634
9.770
9.684
9.583
9.648
9.590
9.712
9.684
9.662
9.569
9.712
9.677
9.734
9.669
9.677
9.641
9.648
9.648
9.712
9.619
9.691
9.756
9.662
9.619
9.662
9.612
9.691
9.641
9.705
9.691
9.655
9.770
9.497
9.648
9.626
9.641
9.763
9.634
9.734
9.648
9.634
9.619
9.655
9.655
9.598
9.634
9.583
9.669
9.641
9.641
9.734
9.648
9.756
9.619
9.533
9.641
9.662
9.634
9.784
9.705
9.669
9.741
9.612
9.720
9.677
9.612
9.576
9.619
9.583
9.555
9.756
9.734
9.677
9.648
9.612
9.555
9.720
9.626
9.677
9.691
9.569
9.605
9.612
9.547
9.705
9.677
9.684
9.634
9.583
9.712
9.634
9.626
9.569
9.705
9.662
9.712
9.698
9.712
9.741
9.562
9.526
9.763
9.605
9.698
9.684
9.712
9.777
9.705
9.777
9.662
9.720
9.756
9.598
9.799
9.626
9.691
9.748
9.712
9.698
9.791
9.669
9.641
9.626
9.712
9.634
9.626
9.691
9.741
9.705
9.641
9.734
9.712
9.634
9.727
9.634
9.634
9.720
9.662
9.741
9.698
9.662
9.734
9.698
9.569
9.705
9.619
9.669
9.712
9.677
9.612
9.655
9.612
9.555
9.662
9.669
9.634
9.677
9.741
9.619
9.712
9.648
9.598
9.698
9.641
9.756
9.634
9.612
9.662
9.648
9.669
9.691
9.727
9.583
9.727
9.748
9.741
9.691
9.698
9.612
9.712
9.669
9.684
9.641
9.590
9.777
9.590
9.612
9.727
9.720
9.619
9.598
9.677
9.705
9.634
9.540
9.756
9.727
9.720
9.720
9.712
9.770
9.684
9.590
9.770
9.720
9.648
9.669
9.648
9.677
9.691
9.641
9.662
9.590
9.691
9.691
9.648
9.590
9.734
9.576
9.648
9.763
9.662
9.748
9.662
9.655
9.662
9.669
9.655
9.698
9.691
9.748
9.677
9.748
9.669
9.705
9.684
9.648
9.576
9.684
9.720
9.590
9.634
9.634
9.648
9.691
9.598
9.698
9.634
9.734
9.763
9.634
9.619
9.705
9.669
9.619
9.648
9.626
9.712
9.669
9.634
9.727
9.662
9.655
9.590
9.511
9.598
9.698
9.684
9.598
9.669
9.698
9.705
9.662
9.655
9.720
9.655
9.612
9.662
9.705
9.576
9.677
9.698
9.705
9.662
9.634
9.691
9.569
9.684
9.705
9.504
9.669
9.763
9.734
9.576
9.612
9.684
9.590
9.677
9.634
9.583
9.669
9.598
9.691
9.634
9.705
9.634
9.712
9.691
9.605
9.720
9.691
9.619
9.691
9.569
9.705
9.791
9.677
9.734
9.677
9.698
9.641
9.734
9.712
9.698
9.641
9.375
9.641
9.626
9.641
9.756
9.705
9.698
9.576
9.748
9.648
9.763
9.669
9.684
9.619
9.662
9.727
9.684
9.684
9.605
9.669
9.698
9.598
9.734
9.590
9.878
9.684
9.777
9.698
9.677
9.748
9.655
9.791
9.698
9.605
9.691
9.569
9.669
9.619
9.691
9.655
9.734
9.691
9.641
9.720
9.648
9.677
9.569
9.648
9.684
9.734
9.634
9.677
9.598
9.720
9.712
9.691
9.684
9.590
9.612
9.626
9.590
9.662
9.533
9.698
9.705
9.684
9.669
9.669
9.626
9.691
9.705
9.655
9.705
9.626
9.612
9.612
9.684
9.712
9.784
9.770
9.677
9.648
9.791
9.612
9.555
9.734
9.547
9.641
9.705
9.734
9.605
9.648
9.497
9.705
9.662
9.756
9.842
9.583
9.526
9.669
9.648
9.612
9.583
9.619
9.720
9.634
9.634
9.590
9.598
9.368
9.662
9.705
9.669
9.619
9.698
9.727
9.648
9.626
9.590
9.634
9.677
9.612
9.641
9.641
9.655
9.634
9.763
9.562
9.598
9.763
9.784
9.662
9.590
9.605
9.540
9.712
9.756
9.756
9.677
9.648
9.727
9.720
9.662
9.605
9.777
9.669
9.648
9.662
9.691
9.677
9.662
9.712
9.555
9.583
9.677
9.583
9.598
9.648
9.569
9.698
9.770
9.605
9.655
9.727
9.669
9.648
9.626
9.705
9.741
9.698
9.698
9.727
9.612
9.677
9.590
9.648
9.612
9.698
9.662
9.741
9.741
9.590
9.605
9.641
9.605
9.669
9.691
9.684
9.677
9.756
9.641
9.669
9.662
9.662
9.691
9.684
9.698
9.791
9.698
9.698
9.741
9.634
9.669
9.619
9.562
9.677
9.576
9.655
9.648
9.655
9.691
9.619
9.648
9.691
9.662
9.669
9.691
9.712
9.576
9.612
9.634
9.634
9.641
9.619
9.669
9.641
9.619
9.712
9.684
9.619
9.662
9.712
9.655
9.691
9.691
9.641
9.720
9.669
9.590
9.598
9.605
9.705
9.705
9.662
9.648
9.669
9.691
9.626
9.590
9.748
9.669
9.655
9.526
9.734
9.705
9.698
9.705
9.712
9.626
9.634
9.720
9.684
9.705
9.619
9.598
9.626
9.641
9.605
9.691
9.605
9.734
9.562
9.569
9.576
9.756
9.590
9.684
9.612
9.705
9.698
9.712
9.684
9.748
9.684
9.691
9.684
9.669
9.641
9.691
9.576
9.748
9.669
9.619
9.734
9.705
9.612
9.519
9.612
9.677
9.655
9.569
9.677
9.590
9.691
9.705
9.626
9.576
9.698
9.677
9.576
9.576
9.691
9.691
9.684
9.712
9.648
9.605
9.791
9.684
9.662
9.705
9.562
9.634
9.583
9.655
9.662
9.712
9.605
9.820
9.734
9.547
9.777
9.677
9.684
9.655
9.619
9.734
9.712
9.569
9.720
9.619
9.727
9.626
9.569
9.648
9.590
9.533
9.698
9.662
9.698
9.669
9.576
9.648
9.720
9.784
9.619
9.727
9.677
9.583
9.612
9.590
9.626
9.691
9.684
9.662
9.669
9.619
9.540
9.619
9.598
9.634
9.641
9.698
9.619
9.748
9.662
9.763
9.756
9.712
9.734
9.705
9.698
9.741
9.669
9.712
9.763
9.669
9.648
9.734
9.720
9.626
9.705
9.727
9.612
9.634
9.583
9.526
9.648
9.691
9.612
9.669
9.612
9.626
9.641
9.655
9.691
9.691
9.605
9.669
9.684
9.626
9.712
9.669
9.705
9.691
9.605
9.619
9.641
9.720
9.669
9.677
9.684
9.799
9.698
9.712
9.669
9.705
9.562
9.748
9.684
9.734
9.576
9.669
9.669
9.669
9.669
9.669
9.547
9.684
9.677
9.684
9.734
9.705
9.756
9.741
9.705
9.634
9.734
9.662
9.626
9.698
9.634
9.705
9.634
9.612
9.612
9.662
9.784
9.662
9.727
9.655
9.626
9.770
9.720
9.612
9.634
9.526
9.677
9.691
9.691
9.634
9.626
9.734
9.641
9.799
9.655
9.655
9.533
9.619
9.677
9.684
9.705
9.662
9.648
9.691
9.662
9.612
9.626
9.648
9.598
9.612
9.648
9.849
9.720
9.691
9.684
9.648
9.698
9.605
9.684
9.655
9.720
9.612
9.705
9.648
9.655
9.590
9.763
9.662
9.598
9.634
9.677
9.705
9.741
9.677
9.662
9.734
9.677
9.727
9.691
9.705
9.655
9.669
9.634
9.705
9.791
9.669
9.562
9.634
9.691
9.669
9.598
9.619
9.662
9.698
9.684
9.641
9.605
9.619
9.626
9.677
9.698
9.684
9.691
9.720
9.763
9.741
9.662
9.662
9.806
9.605
9.117
9.662
9.691
9.634
9.741
9.634
9.741
9.712
9.619
9.626
9.705
9.605
9.734
9.684
9.598
9.662
9.655
9.569
9.576
9.720
9.720
9.727
9.598
9.712
9.605
9.562
9.720
9.655
9.763
9.626
9.648
9.691
9.626
9.691
9.669
9.626
9.698
9.677
9.734
9.641
9.619
9.705
9.641
9.705
9.741
9.691
9.619
9.619
9.705
9.662
9.720
9.634
9.691
9.763
9.655
9.526
9.677
9.562
9.784
9.784
9.634
9.734
9.662
9.634
9.741
9.684
9.741
9.648
9.705
9.669
9.669
9.677
9.583
9.720
9.684
9.705
9.648
9.734
9.634
9.634
9.619
9.598
9.626
9.727
9.741
9.712
9.684
9.569
9.569
9.705
9.669
9.669
9.698
9.634
9.612
9.691
9.763
9.641
9.698
9.741
9.734
9.612
9.705
9.720
9.720
9.655
9.748
9.605
9.583
9.763
9.734
9.619
9.727
9.655
9.662
9.655
9.641
9.669
9.605
9.590
9.605
9.626
9.648
9.677
9.641
9.784
9.641
9.626
9.569
9.612
9.669
9.691
9.519
9.598
9.590
9.705
9.619
9.691
9.705
9.684
9.648
9.619
9.612
9.705
9.634
9.727
9.698
9.619
9.655
9.691
9.648
9.727
9.641
9.662
9.612
9.770
9.641
9.648
9.691
9.669
9.655
9.641
9.720
9.662
9.756
9.784
9.648
9.655
9.684
9.698
9.655
9.648
9.684
9.662
9.655
9.605
9.562
9.698
9.641
9.669
9.734
9.712
9.605
9.648
9.605
9.705
9.684
9.669
9.619
9.626
9.720
9.576
9.684
9.691
9.741
9.641
9.662
9.684
9.705
9.662
9.626
9.684
9.698
9.555
9.634
9.641
9.720
9.727
9.662
9.677
9.655
9.626
9.669
9.619
9.655
9.634
9.590
9.698
9.770
9.669
9.641
9.634
9.612
9.540
9.598
9.684
9.562
9.763
9.691
9.712
9.720
9.677
9.669
9.720
9.720
9.727
9.720
9.655
9.720
9.763
9.619
9.734
9.777
9.662
9.655
9.770
9.619
9.583
9.569
9.791
9.691
9.612
9.705
9.684
9.669
