0.100
0.072
0.014
0.057
-0.029
0.007
0.050
-0.022
0.007
0.057
0.014
0.022
-0.014
0.050
0.000
-0.007
0.029
-0.022
0.029
0.050
0.093
0.043
0.022
-0.036
0.065
-0.022
0.022
0.000
0.043
-0.029
0.007
-0.036
0.014
0.029
-1.744
0.029
0.036
0.079
-0.007
-0.007
0.029
-0.007
0.093
-0.022
-0.043
0.050
0.050
-0.014
0.050
0.029
0.072
0.072
0.007
-0.029
0.000
-0.007
-0.022
-0.036
0.000
-0.014
0.000
0.029
-0.029
0.000
0.050
0.122
0.036
0.007
-0.036
0.000
0.007
0.057
-0.036
0.022
0.036
0.108
0.072
0.079
-0.007
0.022
-0.022
0.029
0.036
0.000
-0.022
0.050
0.043
0.050
1.809
0.022
0.072
0.014
0.014
-0.014
-0.029
0.022
0.022
0.029
1.831
0.007
0.007
0.036
0.029
0.014
0.029
-0.022
0.072
0.029
0.100
-0.022
-0.007
-0.022
0.086
0.007
-0.007
0.057
0.043
0.065
1.816
0.000
0.007
0.014
0.014
0.000
0.014
0.007
0.036
0.036
0.029
-0.022
0.043
0.086
0.100
0.007
-0.022
-0.014
0.100
0.057
0.093
0.007
0.014
0.129
0.072
0.079
0.100
0.057
-0.029
0.057
0.057
0.050
0.036
0.065
-0.022
-0.014
0.022
0.014
0.050
0.050
0.029
0.093
-0.014
-0.029
0.100
0.029
-0.014
0.022
0.057
0.014
0.072
0.050
1.809
0.000
0.007
0.029
0.029
0.050
0.014
1.823
-0.014
-0.007
0.043
-0.007
-0.022
0.057
0.108
-1.823
-0.007
0.029
0.057
-0.014
0.036
-0.022
0.065
0.050
0.079
0.000
-0.007
0.000
0.100
0.086
0.072
0.043
0.000
0.007
0.050
-1.838
0.043
0.022
-0.014
0.065
0.022
0.029
0.057
0.057
0.072
0.007
0.029
-1.823
-0.014
0.043
0.029
0.093
0.057
0.036
-0.029
0.036
0.029
0.057
-0.014
-0.007
0.086
0.057
-0.014
0.029
0.014
-0.014
0.036
0.079
0.022
0.029
0.022
0.093
-0.014
0.014
0.108
0.022
0.022
0.036
0.072
0.014
-0.036
0.057
-0.007
0.007
-0.007
-0.029
-0.014
0.072
0.115
0.036
0.029
0.022
0.022
-0.007
-0.007
-0.007
0.014
0.007
0.057
-0.022
0.036
0.086
0.022
0.050
0.029
0.093
0.036
-0.014
0.065
0.057
-0.029
1.831
0.036
0.115
0.050
0.014
-0.022
0.029
0.072
0.029
0.014
0.065
0.043
-1.809
0.065
-0.007
0.000
0.043
0.000
0.079
0.029
0.065
-0.022
0.014
0.151
0.043
0.022
-0.014
-0.007
0.115
0.100
-0.022
-0.014
0.093
0.043
0.014
0.086
-0.029
0.000
0.022
0.093
0.022
0.007
0.029
0.065
0.036
0.086
0.036
0.036
0.000
0.014
0.007
0.029
-0.007
-0.014
0.100
0.065
0.129
0.050
0.007
0.065
-0.029
0.108
0.043
0.072
0.043
-0.014
-0.014
0.108
0.014
0.065
0.036
0.014
0.079
0.122
0.050
0.007
0.022
0.036
0.050
0.050
-1.816
0.014
0.029
0.086
-0.007
1.831
0.014
0.072
0.079
0.072
0.129
0.079
0.029
-0.014
0.100
0.036
0.050
0.043
0.007
0.036
0.007
0.065
0.007
-0.022
-0.007
0.007
0.043
0.100
0.050
0.022
0.079
1.795
0.000
-0.007
0.022
0.022
1.823
0.086
0.065
0.050
0.014
0.050
-0.007
0.014
0.122
0.022
0.065
0.007
0.057
-0.007
0.007
0.050
0.022
0.029
0.108
0.036
-0.007
-0.022
0.079
0.007
0.093
0.072
0.007
-0.007
0.029
0.029
0.065
0.172
0.043
0.000
0.043
0.108
0.043
0.086
0.000
0.000
-0.014
0.057
0.043
0.029
0.022
0.000
0.057
0.065
0.100
0.043
0.043
0.050
0.036
0.108
0.057
0.014
0.057
0.000
0.029
0.050
0.050
0.093
0.079
0.043
0.057
0.007
0.072
0.108
0.043
0.000
-0.007
0.057
0.115
0.100
0.014
0.036
0.036
0.036
0.086
0.072
0.065
0.057
0.036
-0.007
0.065
0.108
0.086
0.043
0.065
0.022
0.022
-1.831
-0.014
0.029
0.036
0.043
0.072
0.050
0.043
0.086
-0.014
0.014
0.036
0.115
0.165
0.057
-0.022
0.057
0.072
0.136
0.043
0.057
0.000
0.072
0.050
0.093
0.100
0.100
0.065
0.043
0.144
0.036
0.122
0.007
0.029
0.050
0.072
0.065
0.122
0.029
0.022
0.000
0.029
0.029
0.057
0.057
-0.007
0.072
0.029
0.115
0.000
-0.029
-0.022
0.057
0.093
0.050
0.065
0.022
0.065
-0.014
0.036
0.007
0.050
0.065
-0.007
0.079
0.014
0.065
0.007
0.050
0.036
0.022
1.816
0.079
0.014
0.050
0.029
0.065
0.050
-0.014
-0.022
-0.007
0.007
0.079
-0.007
0.179
0.086
0.100
0.043
0.050
0.007
0.036
0.022
0.100
0.079
0.122
0.072
0.000
0.029
0.100
0.108
0.007
0.065
-0.007
0.043
0.108
0.007
0.022
0.057
0.000
0.029
-0.007
0.129
0.043
0.022
0.014
0.072
0.022
0.057
0.079
0.079
0.050
0.050
0.036
0.050
-0.014
0.122
0.065
0.022
0.050
0.007
0.057
0.014
0.029
0.029
0.122
0.065
-0.014
0.043
0.122
-0.007
0.065
0.050
0.065
-0.043
0.115
0.129
0.000
-0.022
-0.029
0.050
0.172
0.079
0.093
0.050
0.057
0.000
0.129
0.079
0.144
0.029
0.115
0.029
0.029
0.065
0.029
0.065
0.043
0.093
0.065
1.816
0.057
0.022
0.144
0.022
0.086
0.036
-0.014
0.057
0.000
0.151
-0.014
0.050
0.029
0.057
0.072
0.043
0.086
-0.029
0.000
0.072
-0.007
0.036
0.093
0.029
0.108
0.079
0.050
0.000
0.007
0.000
0.072
0.043
0.065
0.115
0.050
0.000
0.036
0.007
0.007
-0.014
0.057
0.115
0.043
0.086
0.022
0.022
0.007
0.079
-0.007
0.007
0.036
0.007
0.108
0.036
0.043
0.029
0.029
0.057
0.000
0.022
0.115
0.086
0.022
0.065
0.122
0.079
0.079
-0.007
0.065
0.043
0.100
0.057
0.072
0.115
-0.014
0.000
-0.022
0.100
0.065
0.065
0.014
0.000
0.100
0.115
0.029
0.029
0.115
0.100
0.079
0.022
-0.029
0.000
0.050
0.129
0.036
0.108
0.043
0.000
0.065
0.022
0.014
0.050
0.072
0.086
0.043
0.086
0.007
0.172
0.100
1.831
0.022
-0.007
0.129
0.136
0.050
0.136
0.093
0.057
0.000
0.065
0.072
0.115
0.036
0.036
0.000
0.007
0.000
0.043
0.086
0.079
0.172
0.050
0.072
0.022
0.029
0.100
0.086
0.050
0.122
0.086
0.129
0.093
-0.022
0.014
0.057
0.022
0.029
0.115
0.029
0.115
0.050
0.050
0.029
0.072
0.029
0.057
-0.007
0.100
0.043
0.093
0.065
0.043
0.115
-0.014
0.043
-1.809
0.057
0.079
0.072
0.065
0.022
0.072
0.029
0.057
0.086
0.079
0.050
-0.022
0.000
0.007
0.022
-0.014
0.108
0.079
0.007
0.136
-0.022
0.065
0.036
0.057
0.000
0.050
0.072
0.093
0.158
0.036
0.136
0.100
0.057
0.007
0.000
0.065
0.136
0.057
0.072
0.079
0.065
0.079
0.050
0.043
0.036
0.029
0.057
0.007
0.086
0.079
0.036
0.158
0.086
0.065
0.072
-0.022
0.007
0.108
0.115
0.057
0.057
0.122
0.065
0.022
0.007
0.079
0.036
0.014
0.201
0.036
0.065
0.086
0.079
0.093
-0.029
0.057
0.108
0.072
0.014
0.065
0.036
0.065
0.100
0.029
0.050
0.065
0.050
0.100
0.072
0.043
-0.014
0.043
0.022
0.086
0.100
0.072
0.158
0.158
0.036
0.129
0.050
0.057
0.014
-0.007
0.007
0.136
0.072
0.086
0.043
0.136
0.057
0.050
0.014
0.007
0.158
0.093
0.057
0.000
0.065
0.000
0.065
0.036
0.079
0.108
0.115
0.093
0.079
0.029
0.036
0.100
0.036
0.072
0.057
0.079
0.057
0.093
0.122
0.057
0.000
0.007
0.014
-0.007
0.100
0.007
0.072
0.029
0.108
0.079
0.029
-1.780
0.065
0.086
0.093
0.086
0.122
0.065
0.122
0.144
0.079
0.043
0.122
0.100
0.029
0.115
0.036
0.014
0.065
0.014
0.115
0.086
0.115
0.086
0.065
0.136
0.115
0.072
0.065
0.079
0.100
0.050
0.065
0.022
0.050
0.065
-0.007
0.014
0.057
-0.007
0.022
0.093
0.014
0.029
0.187
0.093
0.000
0.129
0.014
0.036
-0.029
0.029
0.065
0.086
0.086
0.086
0.036
0.065
-1.766
0.086
0.050
0.194
0.108
0.072
0.165
0.000
0.050
0.007
0.086
0.086
0.086
0.100
0.057
0.165
0.043
-0.014
0.036
0.022
0.050
0.057
0.086
-0.014
0.079
0.036
0.079
0.093
0.057
0.144
0.014
0.007
0.072
-0.007
0.100
0.165
0.057
0.036
0.043
-0.029
0.086
0.108
0.201
0.086
0.072
0.072
0.065
0.036
0.093
0.100
0.072
0.057
0.136
0.100
0.007
0.093
0.079
0.079
0.079
0.100
0.093
0.029
0.029
0.172
0.050
0.043
0.065
0.007
0.079
0.079
0.014
0.014
-0.014
0.050
0.065
0.022
0.093
0.036
0.043
0.086
0.043
0.000
0.057
-0.029
0.022
0.093
0.057
0.079
0.029
0.029
-0.014
0.072
0.108
0.086
0.057
0.022
0.093
0.079
0.050
0.100
0.072
0.086
0.050
0.029
0.029
0.014
0.100
0.043
0.179
0.079
0.108
0.144
0.108
0.043
-1.809
0.158
0.115
0.043
0.050
0.043
0.136
0.043
0.079
0.043
0.043
0.029
0.079
0.072
0.129
0.165
0.014
0.007
-0.007
0.000
0.022
0.158
0.079
0.000
0.079
0.029
0.057
0.100
0.050
0.115
0.022
0.115
0.136
0.014
0.014
-0.022
0.007
0.065
0.129
0.100
0.136
0.187
0.065
0.151
0.179
0.100
0.065
0.036
0.029
0.050
0.079
0.079
0.122
0.086
0.079
0.108
0.151
0.036
0.057
0.072
0.100
0.072
0.022
0.000
0.072
-0.022
0.129
0.036
0.179
0.093
0.079
0.022
0.043
0.036
0.115
0.057
0.007
0.043
0.093
0.022
0.050
0.086
0.122
0.086
0.079
0.050
0.036
0.115
0.072
0.086
0.057
0.050
0.100
0.022
0.100
0.065
0.014
0.022
0.122
0.179
0.043
0.129
0.086
0.115
0.022
0.007
0.014
0.000
0.065
0.022
0.108
-1.809
0.050
0.086
0.000
0.036
0.050
0.144
0.043
0.057
0.065
0.079
0.000
0.029
0.029
0.086
0.072
0.086
0.007
0.108
0.014
0.079
0.093
0.093
0.179
0.151
0.022
0.057
0.029
0.007
0.072
0.043
0.079
0.057
0.043
-1.708
0.014
0.014
0.022
0.036
0.136
0.065
0.115
0.043
0.079
0.086
0.007
0.086
0.050
0.036
0.050
0.122
0.079
-0.014
0.086
0.036
0.093
0.100
0.144
0.100
0.086
0.158
0.108
0.165
0.079
0.100
0.158
0.014
0.086
0.057
-0.029
0.043
0.122
0.093
0.065
0.144
0.014
0.086
0.115
0.079
0.014
0.014
0.079
0.108
0.108
0.144
0.194
0.115
0.136
0.129
0.115
0.100
0.072
0.007
0.100
0.093
0.122
0.115
0.093
0.158
0.115
0.014
0.093
0.065
-0.029
0.022
0.100
0.065
0.100
0.172
0.115
-0.022
0.050
0.093
0.000
0.072
0.036
0.144
0.086
0.043
0.072
0.050
0.057
0.036
0.108
0.022
0.086
0.115
0.129
0.129
0.029
0.093
0.179
0.072
0.065
0.043
0.086
0.079
0.036
0.165
0.122
0.050
0.065
0.093
0.100
0.100
0.043
0.072
0.029
0.014
0.065
0.050
0.022
0.079
0.086
0.129
0.072
0.029
0.065
0.036
0.079
0.057
0.086
0.072
0.108
0.065
0.079
0.079
0.079
0.136
0.079
0.093
0.057
0.136
0.115
0.007
0.086
0.079
0.014
0.136
0.086
0.100
0.100
0.057
0.093
0.093
0.057
0.014
0.100
0.072
0.079
0.079
-0.022
0.079
0.050
0.043
0.093
0.100
0.000
0.115
0.100
0.072
0.079
0.122
0.022
0.065
0.043
0.065
0.108
0.065
0.129
0.007
0.086
0.100
0.036
0.072
0.065
0.043
0.129
0.086
0.093
0.072
0.079
0.029
0.079
0.108
0.079
-0.007
0.014
0.136
0.050
0.136
0.136
0.144
0.100
0.108
0.100
0.093
0.036
0.036
0.144
0.086
0.036
0.072
0.050
0.043
0.122
0.072
0.029
0.029
0.093
0.022
0.086
0.014
0.079
0.036
0.108
0.093
0.057
0.108
0.079
-0.029
0.144
0.072
0.144
0.086
0.093
0.100
0.022
0.029
0.144
0.022
0.007
0.022
0.108
0.072
0.079
0.208
0.086
0.144
0.136
0.000
0.086
0.057
0.115
0.065
-0.014
0.036
0.093
0.129
0.007
0.115
0.029
0.057
-0.007
0.079
0.036
0.179
0.093
0.100
0.093
0.158
0.122
0.065
0.022
0.086
0.079
0.029
0.100
0.086
0.057
0.136
0.115
0.136
0.100
0.022
0.115
0.029
0.057
0.100
-0.007
0.194
0.158
0.151
0.065
0.136
0.057
0.093
0.072
0.079
0.043
0.158
0.151
0.122
0.093
0.014
0.036
0.230
0.014
0.079
0.129
0.079
0.057
0.029
0.115
0.050
0.065
0.072
0.050
0.108
0.129
0.151
0.065
0.079
0.086
0.144
0.115
0.108
0.050
0.122
0.065
0.093
0.029
0.079
0.014
0.115
0.079
0.036
0.079
0.057
0.122
0.093
0.108
0.022
0.086
0.100
0.100
0.072
0.144
0.072
0.115
0.100
0.086
0.050
0.115
0.000
0.050
0.065
0.036
0.100
0.115
0.122
0.151
0.065
0.022
0.043
0.014
0.100
0.115
0.129
0.043
0.065
1.809
0.086
0.115
0.115
0.036
0.007
0.014
0.086
0.079
0.129
0.050
0.194
0.122
0.050
0.122
0.100
0.122
0.115
0.014
0.057
0.036
0.007
0.115
0.086
0.093
0.086
0.093
0.072
0.108
0.086
0.036
0.179
0.079
0.115
0.136
0.057
-0.029
0.036
0.043
0.072
0.036
0.079
0.129
0.057
0.100
0.007
0.065
0.007
0.136
0.043
0.100
0.086
0.115
0.100
0.036
0.136
0.057
0.065
0.022
0.014
0.100
0.136
0.050
0.115
0.057
0.115
0.093
0.129
0.043
0.093
0.086
0.072
0.129
0.065
0.151
0.043
0.115
0.057
0.079
-0.007
0.022
0.122
0.072
0.036
0.050
0.136
0.093
0.022
0.108
0.065
0.100
0.065
0.043
0.043
0.086
0.129
0.151
0.108
0.057
0.158
0.043
0.043
0.086
0.093
0.100
-0.014
0.029
0.086
0.122
0.108
0.093
0.007
0.007
0.079
0.079
0.129
0.065
0.158
0.065
0.129
0.079
0.086
0.065
0.072
0.100
-0.014
0.057
0.122
0.158
0.079
0.151
0.000
0.036
0.072
0.057
0.007
0.093
0.057
0.100
0.144
0.036
0.122
0.122
0.129
0.108
0.072
0.029
0.072
0.022
0.036
0.100
0.187
0.057
0.158
0.057
0.093
0.215
0.072
0.029
0.086
0.100
0.129
0.100
0.165
0.100
0.086
0.115
0.072
0.086
0.100
0.100
0.172
0.158
0.122
0.108
0.057
0.029
0.029
0.057
0.036
0.115
0.093
0.151
0.079
0.057
0.122
0.129
0.072
0.043
0.050
0.065
0.072
0.165
0.072
0.079
0.136
0.129
0.093
0.036
0.029
0.043
-0.014
0.079
0.100
0.151
0.000
0.144
0.151
0.007
0.108
0.022
0.057
0.086
0.079
0.036
0.065
0.129
0.151
0.151
0.065
0.122
0.093
0.079
0.007
0.065
0.036
0.057
0.122
0.115
0.093
0.057
0.100
0.100
0.158
0.057
0.065
0.100
0.072
0.122
0.050
0.065
0.129
0.144
0.187
0.136
0.115
0.115
0.022
0.151
0.093
0.086
0.036
0.065
0.172
0.215
0.065
0.086
-0.014
0.093
0.014
0.129
0.158
0.057
0.129
0.201
0.194
0.072
0.100
0.050
0.079
0.100
0.079
0.057
0.022
0.093
0.029
0.057
0.093
0.136
0.029
0.122
0.144
0.093
-0.007
0.050
0.158
0.043
0.144
0.165
0.065
0.172
0.043
0.022
0.036
0.093
0.072
0.057
0.057
0.086
0.065
0.065
0.057
0.115
0.079
-0.014
0.172
0.172
0.115
0.144
0.086
0.100
0.057
0.036
0.151
0.079
0.079
0.086
0.036
0.086
0.136
0.057
0.108
0.165
0.072
0.043
0.144
0.043
0.043
0.029
0.086
0.057
0.036
0.065
0.201
0.201
0.108
0.115
0.057
0.194
0.122
0.122
0.122
0.057
0.079
0.129
0.065
0.072
0.172
0.100
0.100
0.043
0.050
0.093
0.079
0.208
0.093
0.136
0.072
-0.014
0.108
0.129
0.072
0.093
0.122
0.115
0.065
-0.014
0.036
0.093
0.093
-0.007
0.050
0.057
0.086
0.122
-0.014
0.014
0.036
0.144
0.050
0.043
0.100
0.144
0.108
0.072
0.086
0.072
0.065
0.050
0.072
0.057
0.050
0.108
0.129
0.093
0.100
0.151
0.000
0.022
0.065
0.108
0.093
0.079
0.065
0.158
0.007
0.079
0.043
0.043
0.079
0.079
0.151
0.115
0.065
0.115
0.251
0.108
0.144
0.065
0.136
0.122
0.079
0.022
0.144
0.057
0.029
0.050
0.129
0.136
0.072
0.057
0.036
0.036
0.036
0.072
0.072
0.108
0.122
0.057
0.151
0.122
0.129
0.151
0.136
0.029
0.065
0.079
0.065
0.057
0.043
0.079
0.129
0.050
-0.007
0.043
0.072
0.000
0.151
0.072
0.093
0.115
0.115
0.122
0.144
0.029
0.108
0.057
0.079
0.072
0.122
0.079
0.129
0.065
0.129
0.165
0.129
0.122
0.187
0.151
0.086
0.050
0.072
0.065
0.072
0.108
0.144
0.172
0.115
0.100
0.165
0.086
0.050
0.100
0.050
0.014
0.065
0.079
0.043
0.093
0.043
0.057
0.014
0.129
0.029
0.144
0.115
0.108
0.115
0.079
0.022
0.057
0.115
0.079
-1.831
0.079
0.093
0.108
0.086
0.093
0.065
0.086
0.122
0.108
0.201
0.201
0.029
0.086
0.129
0.029
0.144
0.122
0.022
0.093
0.115
0.014
0.151
0.194
0.093
0.007
0.022
0.050
0.093
0.165
0.100
0.036
0.129
0.129
0.036
0.086
0.043
0.036
0.036
0.007
0.108
0.100
0.129
0.115
0.136
0.100
0.000
0.086
-0.007
0.108
0.057
0.115
0.057
0.100
0.086
0.065
0.072
0.022
0.115
0.065
0.086
0.079
0.079
0.057
0.108
0.057
0.122
0.100
0.108
0.086
0.165
-0.007
0.136
0.129
0.108
0.115
0.158
0.165
0.065
0.043
0.065
0.072
0.100
0.136
0.100
0.158
0.165
0.115
0.158
0.036
0.036
0.043
0.115
0.086
0.100
0.029
0.086
0.079
0.050
0.108
0.079
0.129
0.079
0.100
0.043
0.122
0.122
0.179
0.043
0.086
0.065
0.036
0.136
0.043
0.093
0.122
0.129
0.057
0.072
0.065
0.036
0.086
0.158
0.079
0.122
0.136
0.065
0.151
0.079
0.100
0.043
0.029
0.050
0.151
0.072
0.136
0.108
0.086
0.043
0.050
0.122
0.072
0.108
0.029
0.065
0.036
0.086
0.093
0.050
0.065
0.057
0.022
0.007
0.100
0.057
0.136
0.108
0.065
0.136
0.043
0.057
0.115
0.014
0.057
0.115
0.079
0.129
0.086
0.100
0.057
0.086
0.065
0.007
0.065
0.086
0.050
0.158
0.100
0.043
0.036
0.093
0.043
0.129
0.000
0.136
0.050
0.129
0.022
0.151
0.086
0.136
0.093
0.057
0.050
0.122
0.050
0.079
0.072
0.079
0.122
0.108
0.065
0.057
0.072
0.115
0.165
0.165
0.122
0.093
0.079
0.043
0.093
0.093
0.151
0.122
0.100
0.122
0.065
-0.007
0.043
0.043
0.215
0.144
0.086
0.115
0.043
0.036
0.151
0.036
0.179
0.129
