-0.538
-0.488
-0.424
-0.445
-0.359
-0.345
-0.352
-0.431
-0.345
-0.345
-0.373
-0.416
-0.309
-0.366
-0.395
-0.337
-0.323
-0.359
-0.388
-0.309
-0.337
-0.395
-0.251
-0.309
-0.416
-0.316
-0.330
-0.301
-0.359
-0.280
-0.352
-0.337
-0.323
-0.323
-0.337
-0.165
-0.359
-0.309
-0.345
-0.201
-0.316
-0.330
-0.258
-0.266
-0.323
-0.301
-0.266
-0.237
-0.337
-0.345
-0.301
-0.273
-0.237
-0.316
-0.194
-0.280
-0.251
-0.251
-0.301
-0.323
-0.266
-0.244
-0.230
-0.309
-0.316
-0.316
-0.237
-0.330
-0.323
-0.273
-0.230
-0.179
-0.244
-0.316
-0.208
-0.251
-0.215
-0.337
-0.187
-0.251
-0.266
-0.244
-0.287
-0.244
-0.258
-0.223
-0.244
-0.294
-0.251
-0.208
-0.258
-0.258
-0.215
-0.230
-0.215
-0.251
-0.201
-0.280
-0.208
-0.258
-0.223
-0.179
-0.151
-0.194
-0.237
-0.237
-0.165
-0.223
-0.237
-0.223
-0.172
-0.201
-0.108
-0.223
-0.179
-0.179
-0.194
-0.151
-0.223
-0.280
-0.151
-0.179
-0.144
-0.179
-0.172
-0.266
-0.187
-0.201
-0.230
-0.215
-0.244
-0.208
-0.194
-0.194
-0.223
-0.223
-0.201
-0.144
-0.129
-0.223
-0.287
-0.187
-0.115
-0.208
-0.258
-0.251
-0.251
-0.208
-0.158
-0.187
-0.208
-0.179
-0.179
-0.251
-0.237
-0.287
-0.194
-0.223
-0.201
-0.151
-0.230
-0.108
-0.151
-0.072
-0.108
-0.194
-0.237
-0.136
-0.187
-0.158
-0.194
-0.244
-0.251
-0.194
-0.215
-0.108
-0.194
-0.115
-0.144
-0.179
-0.136
-0.122
-0.201
-0.215
-0.179
-0.158
-0.115
-0.108
-0.079
-0.136
-0.151
-0.208
-0.223
-0.093
-0.251
-0.208
-0.072
-0.208
-0.194
-0.108
-0.122
-0.129
-0.165
-0.144
-0.122
-0.079
-0.172
-0.129
-0.172
-0.151
-0.187
-0.194
-0.158
-0.100
-0.108
-0.050
-0.136
-0.115
-0.108
-0.158
-0.172
-0.122
-0.201
-0.144
-0.165
-0.079
-0.144
-0.115
-0.179
-0.187
-0.072
-0.086
-0.129
-0.158
-0.179
-0.108
-0.187
-0.079
-0.208
-0.100
-0.115
-0.129
-0.165
-0.158
-0.100
-0.072
-0.108
-0.215
-0.136
-0.151
-0.158
-0.151
-0.158
-0.100
-0.057
-0.144
-0.115
-0.129
-0.179
-0.129
-0.122
-0.201
-0.093
-0.065
-0.122
-0.122
-0.093
-0.187
-0.072
-0.093
-0.115
-0.086
-0.086
-0.108
-0.072
-0.079
-0.215
-0.057
-0.158
-0.093
-0.136
-0.122
-0.144
-0.093
-0.100
-0.079
-0.022
-0.151
-0.129
-0.022
-0.072
-0.108
-0.122
-0.144
-0.129
-0.086
-0.086
-0.036
-0.057
-0.108
-0.108
-0.072
-0.158
-0.108
-0.108
0.000
-0.201
-0.093
-0.036
-0.086
-0.007
-0.036
-0.115
-0.172
-0.057
-0.043
-0.086
-0.072
-0.057
-0.115
-0.036
-0.136
-0.165
-0.337
-0.036
-0.065
1.773
-0.115
-0.122
-0.093
-0.029
0.007
-0.072
-0.065
-0.043
0.007
-0.108
-0.057
-0.072
-0.072
-0.065
-0.086
-0.036
-0.065
-0.043
-0.086
-0.029
-0.086
-0.029
-0.014
-0.108
-0.086
-0.072
-0.057
0.007
-0.065
-0.072
-0.050
-0.036
-0.029
-0.036
-0.029
-0.086
-0.093
-0.029
-0.014
-0.014
-0.050
-0.093
-0.093
-0.072
-0.050
-0.065
-0.029
-0.136
-0.007
0.000
-0.022
-0.036
-0.093
-0.072
-0.086
-0.029
-0.136
0.022
0.029
-0.079
-0.144
-0.086
-0.043
-0.022
-0.086
-0.108
-0.108
-0.136
1.831
-0.036
-0.172
-0.093
-0.043
-0.043
-0.057
-0.007
-0.029
-0.043
-0.029
-0.086
-0.108
-0.072
-0.108
0.022
-0.072
-0.172
-0.014
-0.158
-0.100
-0.029
0.014
-0.115
-0.043
-0.108
-0.144
-0.036
-0.136
-0.065
-0.022
-0.136
-0.108
-0.524
0.000
-0.122
0.000
-0.151
-0.129
-0.022
-0.108
-0.115
-0.043
-0.072
-0.007
-0.136
-0.122
-0.136
-0.014
0.007
-0.115
0.014
-0.043
-0.036
-0.065
-0.086
-0.057
-0.072
-0.036
-0.022
0.007
-0.086
-0.079
0.007
-0.022
-0.115
-0.136
-0.129
-0.014
0.029
-0.072
-0.115
-0.036
-0.065
-0.108
0.022
-0.065
-0.057
-0.022
-0.065
-0.065
-0.022
-0.050
-0.050
-0.057
-0.007
-0.043
-0.057
-0.022
-0.172
-0.050
-0.129
-0.029
-0.079
-0.050
-0.022
-0.029
-0.072
-0.014
-0.014
0.022
0.014
-0.050
0.007
-0.079
-0.014
-0.050
-0.108
-0.072
-0.065
-0.029
-0.022
-0.043
-0.057
-0.079
-0.036
-0.007
-0.022
0.000
-0.050
-0.093
1.780
-0.029
-0.022
0.000
-0.079
-1.838
-0.022
-0.065
-0.079
-0.100
0.022
-0.151
1.809
-0.108
-0.050
-0.086
-0.050
-0.086
-0.115
-0.036
-0.136
-0.057
-0.065
-0.043
-0.014
-0.072
-0.029
-0.022
-0.043
0.000
-0.043
0.000
-0.014
0.000
-0.014
0.000
-0.029
-0.086
-0.007
-0.065
-0.014
-1.838
-0.057
-0.043
-0.036
-0.129
-0.029
0.014
-0.065
0.043
1.795
-0.065
-0.072
-0.007
-0.036
-0.043
-0.043
-0.043
0.007
-0.036
-0.036
-0.014
-0.086
0.014
-0.043
-0.072
0.014
-0.036
-0.093
-0.043
-0.007
0.014
-0.065
-0.086
-0.115
0.007
0.022
-0.050
0.022
-0.007
0.000
-0.036
0.029
-0.029
-0.014
-0.029
-0.072
-0.029
-0.007
0.007
0.022
-0.007
0.007
-0.100
-0.036
-0.014
-0.079
-0.022
-0.129
0.000
-0.057
-0.043
0.000
-0.007
-0.072
-0.100
0.029
-0.093
0.007
-0.029
0.007
0.029
-0.050
-0.007
-0.022
-0.122
0.036
-0.086
0.014
-0.022
-0.065
-0.014
0.007
0.000
-0.086
-0.029
0.007
-0.057
-0.014
-0.050
-0.079
-0.014
-0.007
-0.036
0.000
0.014
-0.043
-1.831
0.022
-0.057
0.007
-0.050
0.029
-0.014
0.000
-0.014
0.022
-0.043
0.000
0.050
-0.022
0.014
0.007
-0.007
-0.079
0.014
0.029
-0.043
-0.079
0.000
0.022
0.000
0.014
-0.072
-0.014
0.014
-0.079
0.000
-0.057
0.000
0.000
-0.022
0.014
-0.043
-0.072
0.000
0.000
0.057
0.022
-0.007
-0.072
-0.014
0.014
0.072
0.022
0.000
0.029
0.029
0.014
-0.022
0.014
-0.029
1.823
0.007
0.036
-0.007
-0.029
-0.022
-0.043
0.000
0.000
0.000
-0.029
0.007
0.022
0.036
0.000
0.036
-0.022
0.057
-0.007
0.000
0.014
0.007
-0.022
0.043
-0.007
1.831
-0.014
0.007
-0.036
-0.036
-0.086
-0.057
-0.014
0.029
-0.014
-0.050
0.022
0.022
0.014
0.000
0.022
-0.007
1.795
-0.007
0.014
0.007
-1.838
0.029
-0.022
-0.050
-0.057
-0.050
-0.007
-0.043
0.029
0.007
0.057
-0.022
0.000
-0.079
0.007
-0.100
0.007
0.000
0.000
0.000
-0.022
0.057
-0.043
-0.014
-0.007
0.022
0.029
0.007
0.007
0.000
-0.079
1.780
0.000
-0.007
0.014
0.022
-0.022
0.050
-0.057
-0.007
-0.057
-0.050
0.022
0.029
0.000
-0.007
0.036
-0.043
-0.050
0.057
-0.079
-0.029
0.036
-0.007
-0.014
-0.050
-0.014
0.036
0.029
-0.022
0.007
1.809
-0.007
0.022
0.000
0.014
-0.022
1.816
-0.014
-0.029
-0.014
0.000
0.029
0.022
0.022
-0.014
-0.036
0.022
-0.050
-0.043
-0.029
-0.079
0.000
0.029
-0.014
0.014
0.029
0.029
0.000
0.022
0.065
-0.043
-0.036
0.014
0.000
0.029
0.029
0.072
-0.093
-0.072
-0.029
1.831
-0.029
1.823
0.022
0.014
0.022
0.007
0.022
0.007
0.000
0.036
0.007
0.043
0.029
0.000
0.007
-0.014
0.007
0.014
0.029
0.022
0.007
0.014
0.029
-0.014
0.007
0.007
0.000
0.036
0.036
0.043
-0.057
0.000
0.014
-0.014
-0.014
0.022
0.036
0.022
0.014
0.029
-0.036
-1.831
0.000
0.022
-0.022
-0.036
0.029
0.000
0.022
0.007
0.036
-0.029
-0.022
0.029
0.000
0.029
0.043
0.007
0.007
-0.050
0.029
0.007
-0.007
0.014
-0.050
0.036
1.831
0.000
-0.086
-0.007
0.022
0.036
0.000
0.000
0.065
0.036
0.036
0.029
-1.780
0.022
-0.014
0.029
0.014
-0.014
-0.007
0.043
0.022
0.029
0.029
0.036
0.014
0.029
0.057
-0.014
0.000
-0.050
0.014
1.823
0.000
0.029
0.036
1.802
0.000
0.036
0.029
0.000
-0.022
0.043
0.007
0.057
0.014
0.043
-0.029
-1.787
-0.079
0.007
-0.029
-0.014
0.022
0.022
0.065
0.050
0.029
0.000
0.050
0.007
0.043
-1.838
0.000
-0.036
0.057
0.079
0.022
0.036
0.043
0.036
0.029
0.007
0.029
0.014
-0.007
0.022
0.000
0.036
0.029
0.014
-0.014
0.029
0.022
-0.007
0.029
-0.036
0.029
0.000
0.000
-0.022
0.007
0.000
-0.014
0.007
1.831
0.000
0.014
0.000
1.823
0.022
-0.158
0.000
0.022
0.029
0.029
0.000
0.050
-0.022
-0.014
0.014
0.029
0.022
0.029
0.036
-0.022
-0.029
0.036
0.014
0.050
0.029
0.014
0.029
-0.022
0.022
0.014
0.007
-0.007
0.029
0.014
0.000
0.036
0.043
0.007
0.007
-0.014
0.043
-0.036
-0.007
-1.809
-0.014
-0.036
0.065
-0.057
-0.022
0.007
0.022
-0.057
1.809
-0.043
0.036
0.072
0.036
0.057
0.014
0.022
-0.029
0.022
0.014
0.129
0.014
0.014
0.079
0.036
0.014
-0.014
0.014
0.036
0.014
0.029
0.029
0.000
0.036
0.043
0.022
0.029
0.029
-0.115
0.043
0.043
-0.007
0.065
0.014
0.000
0.007
0.007
0.000
0.014
-0.022
0.029
0.000
0.022
-0.022
0.057
0.065
0.029
-0.007
0.029
0.029
0.029
-0.007
-0.079
-0.043
0.050
0.029
-1.809
0.014
0.036
-0.036
0.043
0.000
-0.022
0.043
0.029
0.036
0.057
0.000
0.007
0.029
0.022
-0.007
0.014
0.029
0.014
0.000
0.007
0.029
0.014
0.007
-0.014
0.000
0.043
0.022
0.029
0.022
0.022
0.000
0.029
0.043
0.036
0.007
0.043
0.036
0.072
0.029
-0.007
-0.043
0.014
0.022
0.022
0.014
0.022
-0.022
0.022
0.029
-0.007
0.050
0.014
0.029
0.000
0.022
-0.022
0.072
0.029
0.022
0.100
0.029
0.050
0.043
0.043
0.007
1.766
0.029
1.809
0.007
0.014
-0.022
0.014
0.022
0.014
0.029
0.014
0.036
0.029
0.014
0.022
0.007
0.072
0.014
-0.022
0.036
0.022
-1.823
0.043
0.036
0.057
0.014
0.000
0.072
0.029
-1.802
0.057
0.072
0.014
0.065
0.014
0.014
0.065
0.043
0.022
0.050
0.000
0.022
0.014
-0.029
-0.036
0.029
0.057
0.000
-0.029
0.022
-0.043
-0.029
0.022
0.050
0.043
0.029
0.050
0.065
0.036
0.014
-0.007
0.079
0.057
0.043
0.022
0.000
0.007
0.014
0.022
0.043
-0.029
0.050
0.057
0.014
0.029
0.043
0.050
0.000
0.043
0.022
0.036
-0.014
0.043
0.014
0.000
0.036
0.029
-0.007
0.065
0.086
0.014
0.079
0.029
0.029
-0.007
0.043
0.043
0.007
0.036
-0.022
0.036
0.043
0.057
0.036
0.065
0.014
0.029
0.014
0.022
-0.014
0.029
0.057
0.029
0.000
-0.014
0.029
0.050
0.029
0.100
0.007
0.000
0.007
0.007
0.007
0.029
0.036
0.043
0.014
0.057
0.079
0.014
0.000
0.022
0.050
0.029
0.000
0.007
0.000
0.057
0.022
0.029
-0.007
0.022
0.022
0.022
0.029
0.029
0.108
0.036
0.079
0.014
0.050
0.029
0.029
0.022
0.029
0.043
0.022
0.065
0.043
0.065
0.000
-0.036
0.065
0.065
0.029
0.036
-0.007
0.014
0.029
0.072
0.079
0.036
0.043
-0.029
0.036
0.000
0.014
0.043
0.057
0.022
0.043
0.036
0.022
0.029
0.000
0.029
0.007
0.029
0.079
0.072
0.029
0.108
0.100
0.022
0.050
0.043
0.036
0.029
0.014
0.014
-0.007
0.036
0.022
0.072
0.029
0.022
0.057
0.057
0.036
0.014
0.022
0.022
0.050
0.036
0.029
0.036
0.022
0.029
0.057
0.036
0.029
-0.007
0.007
0.029
0.022
0.086
0.007
0.007
0.029
-0.007
0.093
0.014
0.022
0.036
0.014
0.065
0.036
0.043
-0.036
0.007
0.043
0.086
0.022
0.065
0.007
0.022
0.029
0.022
0.014
0.022
0.072
0.022
0.036
0.036
0.043
0.057
0.000
0.007
0.014
1.823
0.108
0.029
0.057
0.022
0.022
0.029
-0.014
0.022
0.029
0.014
0.022
0.022
0.036
0.036
0.065
0.043
0.000
-0.014
0.014
0.065
0.029
0.022
0.007
0.072
0.029
0.065
0.065
0.050
0.022
0.014
0.043
0.014
0.079
0.022
-0.007
0.029
0.043
0.036
0.022
0.022
0.022
-0.043
0.057
0.029
0.029
0.036
0.036
0.036
0.057
0.029
0.036
0.029
0.029
0.050
0.036
0.043
0.043
0.036
0.029
0.043
0.043
-0.029
0.000
0.072
0.065
0.122
0.022
0.029
0.029
0.043
0.014
0.036
0.014
-0.007
0.022
0.029
0.050
0.036
0.007
0.029
0.036
-0.022
0.043
0.007
0.000
0.029
0.036
-0.014
0.029
0.065
0.036
0.014
0.014
0.014
0.022
0.050
0.029
0.115
0.029
0.093
0.043
0.043
0.036
0.022
0.029
0.036
0.014
0.022
1.831
0.014
0.029
0.029
0.036
0.050
0.014
0.014
0.036
0.029
0.050
0.029
0.007
0.014
0.065
0.050
0.065
0.029
0.022
0.022
0.022
0.036
0.022
0.022
0.057
0.036
0.022
0.100
0.108
0.043
0.022
0.086
0.022
-0.057
0.057
0.043
0.043
0.079
0.072
-1.838
0.036
0.043
-0.007
0.014
0.014
0.014
0.057
0.043
0.029
0.057
0.093
0.057
0.029
0.036
0.036
0.050
0.057
0.100
0.014
0.057
0.057
0.122
0.050
0.072
0.014
0.072
0.065
0.022
0.007
0.050
0.014
0.022
0.014
0.036
0.029
0.065
0.050
0.036
0.014
-0.007
0.014
0.000
0.036
0.029
0.050
0.036
0.022
0.007
0.007
0.022
0.029
-0.007
0.022
0.043
0.022
0.179
0.022
0.057
0.072
0.050
0.029
0.036
0.000
0.043
0.000
0.022
0.036
0.072
0.043
0.022
0.072
0.036
0.093
0.000
0.029
0.014
0.036
0.057
0.093
0.036
0.093
0.000
0.086
0.050
-0.043
-0.050
0.093
0.050
0.014
0.050
0.022
-0.086
0.086
0.057
0.079
0.022
0.065
0.079
0.029
0.057
0.115
0.050
0.007
0.050
0.036
0.022
0.057
0.014
0.086
0.029
0.014
0.036
0.022
0.043
0.029
0.043
0.007
0.036
0.022
0.043
0.100
0.057
0.036
-0.007
0.029
0.000
0.036
0.079
0.072
0.036
0.086
0.043
0.036
0.043
0.050
0.014
0.050
0.065
0.136
0.029
0.065
0.079
0.100
0.079
0.022
0.050
0.050
0.065
0.029
0.014
0.029
0.050
0.029
0.079
0.043
0.043
0.079
0.022
-0.036
0.079
0.029
0.022
0.057
0.043
0.029
0.029
0.029
0.057
0.000
0.029
0.036
0.029
0.043
0.036
0.072
0.093
0.029
0.022
0.007
0.022
0.029
0.043
0.036
0.100
0.043
0.057
0.029
0.108
0.022
0.022
0.050
0.079
0.057
0.108
0.029
0.050
0.065
0.043
0.100
0.014
0.029
0.022
0.043
0.079
0.036
0.022
0.036
0.036
0.050
0.043
0.086
0.007
0.050
0.007
0.072
0.079
0.043
0.036
0.050
-0.007
0.029
0.036
0.072
0.014
0.036
0.014
0.050
0.050
0.072
0.093
0.029
0.029
0.065
0.007
-0.007
0.079
0.072
0.022
0.043
0.022
0.093
0.036
0.057
0.072
0.065
0.086
0.007
0.029
0.079
0.036
0.043
0.050
0.036
0.057
0.022
0.036
0.050
0.029
0.036
0.029
0.065
0.022
0.086
0.043
0.072
0.022
0.043
0.043
0.029
0.014
0.014
0.007
0.029
0.029
0.029
0.043
0.108
0.043
0.022
-0.007
0.079
0.065
0.057
0.108
0.065
0.050
0.079
0.014
0.115
0.050
0.079
0.000
0.029
0.029
0.036
0.022
0.050
0.029
0.036
0.036
0.007
0.029
0.043
0.043
0.036
0.072
0.065
0.079
0.065
0.043
0.029
0.086
0.007
0.079
-0.014
0.014
0.093
0.000
0.050
0.022
0.057
0.036
0.043
0.043
0.050
0.029
0.029
0.079
0.115
0.007
0.036
0.072
0.122
0.072
0.022
0.057
0.065
0.036
0.043
0.036
0.029
0.065
0.014
0.057
0.029
0.057
0.086
-0.014
0.022
0.050
0.065
0.014
0.036
0.050
0.050
0.029
0.057
0.014
0.086
0.057
0.014
0.000
0.029
0.036
-0.007
0.079
0.029
0.086
0.065
0.043
0.065
0.043
0.065
0.050
0.086
0.043
0.093
0.072
0.079
0.043
0.086
0.122
0.079
0.079
0.050
0.043
0.050
0.000
0.057
0.014
0.036
0.029
0.057
0.115
0.050
0.057
0.022
0.022
0.086
0.022
0.065
0.029
0.072
0.029
0.072
0.000
0.043
0.065
0.057
0.165
0.057
0.036
0.057
0.022
0.029
0.065
0.029
0.050
0.022
0.079
0.022
0.036
0.014
0.086
0.043
0.043
0.036
0.093
0.014
0.057
0.029
0.115
0.079
0.029
0.050
0.029
0.093
0.108
0.122
0.029
0.057
0.065
0.000
0.014
0.022
0.072
0.050
0.022
0.136
0.043
0.029
0.043
0.022
0.050
0.043
0.022
0.036
-0.022
0.108
0.014
0.029
0.022
0.065
0.108
0.029
0.029
0.014
0.043
0.057
0.057
0.043
0.100
0.050
0.029
0.086
0.036
0.086
0.057
0.050
0.036
0.036
0.029
0.014
0.072
0.050
0.036
0.043
0.050
0.079
0.036
0.043
0.022
0.043
0.036
0.029
0.029
0.093
0.043
0.065
0.029
0.043
0.029
0.086
0.050
0.079
0.086
0.022
0.043
0.072
0.050
0.043
0.086
0.050
0.036
0.093
0.029
0.065
0.086
0.022
0.079
0.050
0.036
0.050
0.072
0.036
0.036
0.065
0.029
0.065
0.043
0.065
0.036
0.029
0.057
0.022
0.072
0.029
0.136
0.065
0.022
0.122
0.072
0.108
0.022
0.000
0.043
0.100
0.022
0.050
0.036
0.036
0.072
0.093
0.022
0.014
0.036
-1.809
0.043
0.043
0.029
0.144
0.072
0.287
0.036
0.036
0.007
0.086
0.079
0.057
0.100
0.057
0.036
0.079
-0.022
0.036
0.108
0.043
0.036
0.022
0.014
0.007
0.014
0.072
0.043
0.057
0.036
0.029
0.057
0.007
0.100
0.065
0.036
0.057
0.144
0.022
0.036
0.022
0.014
0.065
0.065
0.165
0.129
0.036
0.029
0.022
0.043
0.086
0.036
0.057
0.065
0.036
0.043
0.057
0.036
0.043
0.036
0.057
0.043
0.086
0.036
0.007
0.057
0.086
0.022
0.029
0.036
0.036
0.022
0.022
0.065
0.043
0.050
0.036
0.050
0.036
0.043
0.022
0.036
0.115
0.065
0.057
0.065
0.050
0.057
0.029
0.029
0.007
0.122
0.036
0.029
0.093
0.000
0.014
0.065
0.050
0.043
0.022
0.029
0.057
0.079
0.072
0.029
0.129
0.086
0.043
0.100
0.050
0.086
0.065
0.057
0.057
0.129
0.043
0.057
0.029
-0.007
0.057
0.000
0.079
0.079
0.022
0.043
0.057
0.086
0.050
0.007
0.043
0.065
0.050
0.057
0.036
0.029
0.022
0.022
0.086
0.050
-0.014
0.029
0.108
0.029
0.057
0.022
0.065
0.022
0.057
0.065
0.036
0.079
-0.007
0.014
0.043
0.036
0.043
0.022
0.014
0.050
0.093
0.086
0.029
0.065
0.079
0.050
0.115
0.029
0.050
0.036
0.000
0.050
0.022
0.029
0.050
0.065
0.072
0.050
0.014
0.043
0.036
0.079
0.029
0.043
0.007
0.029
0.036
0.065
0.007
0.065
0.022
0.029
0.036
0.036
0.086
0.065
0.072
0.050
0.086
0.036
0.057
0.022
0.043
0.086
0.057
0.065
0.115
0.007
0.050
0.093
0.115
0.057
0.007
0.043
0.029
0.065
0.022
0.165
0.093
0.072
0.065
0.036
0.029
0.100
0.022
0.022
0.065
0.057
0.050
0.115
0.050
0.065
0.057
0.050
-0.029
0.043
0.029
0.036
0.036
0.065
0.057
0.086
0.029

