1.350
1.357
1.350
1.350
1.328
1.393
1.328
1.421
1.364
1.407
1.457
1.335
1.407
1.378
1.335
1.421
1.357
1.393
1.393
1.357
1.335
1.385
1.364
1.393
1.450
1.335
1.371
1.350
1.393
1.364
1.407
1.393
1.385
1.378
1.342
1.407
1.328
1.421
1.443
1.436
1.407
1.400
1.407
1.378
1.400
1.335
1.407
1.393
1.393
1.378
1.507
1.378
1.357
1.393
1.393
1.378
1.393
1.450
1.479
1.342
1.335
1.414
1.328
1.407
1.421
1.479
1.385
1.385
1.371
1.421
1.400
1.414
1.393
1.371
1.378
1.443
1.371
1.421
1.500
1.450
1.529
1.385
1.414
1.479
1.328
1.450
1.357
1.407
1.350
1.407
1.371
1.407
1.385
1.400
1.464
1.378
1.421
1.421
1.407
1.421
1.472
1.378
1.421
1.464
1.385
1.414
1.371
1.414
1.436
1.457
1.371
1.414
1.400
1.335
1.385
1.342
1.443
1.407
1.385
1.414
1.464
1.429
1.393
1.385
1.500
1.407
1.378
1.522
1.436
1.450
1.429
1.393
1.421
1.421
1.450
1.522
1.493
1.393
1.350
1.421
1.371
1.443
1.436
1.364
1.385
1.565
1.385
1.429
1.328
1.515
1.328
1.393
1.457
1.429
1.450
1.436
1.378
1.357
1.507
1.421
1.450
1.464
1.350
1.357
1.472
1.421
1.507
1.429
1.364
1.414
1.407
1.393
1.450
1.472
1.400
1.464
1.364
1.429
1.457
1.350
1.400
1.364
1.385
1.522
1.436
1.414
1.450
1.479
1.486
1.479
1.371
1.486
1.421
1.436
1.421
1.515
1.479
1.407
1.421
1.515
1.464
1.500
1.414
1.472
1.450
1.364
1.421
1.400
1.457
1.472
1.436
1.515
1.479
1.429
1.472
1.486
1.335
1.400
1.400
1.457
1.400
1.436
1.350
1.529
1.486
1.486
1.543
1.507
1.464
1.507
1.429
1.472
1.421
1.500
1.385
1.515
1.515
1.385
1.436
1.436
1.464
1.400
1.486
1.443
1.429
1.529
1.457
1.515
1.551
1.436
1.500
1.407
1.479
1.457
1.443
1.493
1.515
1.479
1.457
1.436
1.436
1.536
1.522
1.594
1.457
1.507
1.400
1.472
1.479
1.472
1.457
1.443
1.522
1.493
1.457
1.493
1.522
1.414
1.536
1.429
1.536
1.443
1.385
1.436
1.464
1.558
1.486
1.507
1.493
1.522
1.536
1.551
1.457
1.572
1.529
1.472
1.385
1.615
1.486
1.486
1.457
1.543
1.364
1.464
1.450
1.572
1.565
1.479
1.529
1.464
1.651
1.515
1.429
1.421
1.472
1.486
1.464
1.450
1.450
1.500
1.522
1.464
1.436
1.479
1.515
1.479
1.572
1.421
1.500
1.565
1.472
1.436
1.507
1.493
1.493
1.536
1.421
1.507
1.486
1.436
1.500
1.507
1.572
1.515
1.443
1.522
1.414
1.479
1.464
1.479
1.522
1.486
1.479
1.551
1.558
1.472
1.436
1.457
1.421
1.436
1.414
1.551
1.551
1.522
1.479
1.529
1.579
1.529
1.515
1.507
1.500
1.450
1.529
1.479
1.507
1.493
1.472
1.536
1.500
1.522
1.479
1.407
1.479
1.536
1.551
1.536
1.529
1.522
1.507
1.536
1.421
1.457
1.450
1.436
1.436
1.450
1.543
1.457
1.472
1.579
1.565
1.500
1.522
1.500
1.472
1.529
1.529
1.443
1.450
1.479
1.536
1.507
1.493
1.493
1.457
1.414
1.522
1.522
1.407
1.500
1.443
1.457
1.493
1.565
1.536
1.565
1.486
1.522
1.479
1.529
1.464
1.558
1.529
1.536
1.443
1.479
1.586
1.479
1.515
1.486
1.565
1.443
1.507
1.493
1.579
1.522
1.565
1.486
1.493
1.500
1.500
1.500
1.472
1.572
1.551
1.472
1.500
1.472
1.507
1.493
1.551
1.493
1.551
1.493
1.486
1.529
1.385
1.515
1.500
1.529
1.543
1.529
1.558
1.436
1.472
1.529
1.507
1.464
1.551
1.536
1.522
1.436
1.400
1.479
1.443
1.479
1.565
1.536
1.579
1.479
1.450
1.543
1.464
1.443
1.464
1.572
1.515
1.558
1.551
1.551
1.515
1.507
1.500
1.543
1.515
1.515
1.572
1.536
1.472
1.493
1.543
1.507
1.622
1.515
1.543
1.565
1.551
1.493
1.522
1.651
1.507
1.579
1.565
1.507
1.515
1.543
1.464
1.543
1.551
1.644
1.479
1.572
1.601
1.486
1.565
1.500
1.515
1.515
1.522
1.543
1.558
1.529
1.507
1.572
1.464
1.464
1.500
1.558
1.579
1.551
1.479
1.594
1.529
1.565
1.500
1.572
1.515
1.507
1.543
1.515
1.630
1.500
1.486
1.565
1.594
1.565
1.601
1.586
1.594
1.515
1.436
1.493
1.472
1.515
1.450
1.500
1.536
1.457
1.536
1.572
1.594
1.472
1.558
1.457
1.407
1.464
1.558
1.529
1.551
1.479
1.594
1.507
1.500
1.608
1.543
1.586
1.500
1.522
1.601
1.529
1.622
1.500
1.586
1.586
1.479
1.601
1.457
1.536
1.472
1.565
1.493
1.479
1.551
1.543
1.543
1.543
1.500
1.579
1.551
1.515
1.543
1.551
1.558
1.500
1.529
1.536
1.608
1.522
1.522
1.579
1.507
1.529
1.558
1.551
1.601
1.529
1.536
1.507
1.579
1.579
1.529
1.579
1.630
1.551
1.522
1.565
1.579
1.515
1.586
1.507
1.522
1.529
1.601
1.558
1.586
1.579
1.558
1.579
1.522
1.486
1.586
1.594
1.551
1.464
1.421
1.558
1.543
1.536
1.558
1.551
1.622
1.551
1.586
1.558
1.500
1.594
1.594
1.479
1.572
1.586
1.565
1.522
1.579
1.486
1.507
1.601
1.572
1.637
1.594
1.500
1.515
1.543
1.479
1.536
1.565
1.594
1.536
1.536
1.594
1.680
1.551
1.500
1.579
1.586
1.579
1.551
1.493
1.536
1.522
1.500
1.572
1.565
1.565
1.586
1.615
1.586
1.558
1.579
1.493
1.551
1.543
1.586
1.622
1.493
1.694
1.601
1.515
1.551
1.622
1.551
1.586
1.586
1.630
1.486
1.515
1.565
1.529
1.594
1.608
1.507
1.601
1.529
1.594
1.472
1.522
1.529
1.464
1.551
1.529
1.565
1.479
1.558
1.594
1.536
1.457
1.565
1.630
1.615
1.529
1.543
1.601
1.551
1.522
1.565
1.558
1.536
1.558
1.630
1.637
1.472
1.551
1.586
1.615
1.579
1.637
1.608
1.608
1.565
1.565
1.515
1.522
1.630
1.572
1.558
1.630
1.594
1.594
1.594
1.536
1.651
1.565
1.579
1.486
1.500
1.586
1.579
1.522
1.536
1.572
1.572
1.586
1.500
1.644
1.594
1.622
1.601
1.543
1.551
1.622
1.529
1.594
1.536
1.558
1.565
1.673
1.543
1.644
1.551
1.608
1.507
1.637
1.622
1.551
1.594
1.572
1.536
1.551
1.515
1.507
1.644
1.601
1.558
1.565
1.515
1.507
1.594
1.637
1.543
1.515
1.500
1.622
1.651
1.543
1.551
1.479
1.572
1.773
1.637
1.586
1.558
1.522
1.558
1.529
1.594
1.565
1.673
1.522
1.701
1.586
1.572
1.536
1.486
1.572
1.622
1.572
1.601
1.543
1.694
1.493
1.551
1.579
1.543
1.558
1.507
1.543
1.543
1.651
1.551
1.522
1.536
1.594
1.615
1.622
1.500
1.558
1.630
1.579
1.558
1.615
1.586
1.558
1.594
1.622
1.551
1.615
1.529
1.594
1.651
1.551
1.622
1.594
1.579
1.558
1.522
1.500
1.572
1.486
1.608
1.680
1.572
1.586
1.637
1.565
1.565
1.543
1.558
1.522
1.551
1.551
1.601
1.608
1.601
1.565
1.637
1.572
1.651
1.615
1.558
1.572
1.572
1.551
1.773
1.586
1.658
1.586
1.565
1.644
1.630
1.572
1.601
1.572
1.558
1.594
1.572
1.579
1.622
1.594
1.558
1.651
1.608
1.601
1.615
1.594
1.644
1.658
1.493
1.536
1.615
1.615
1.551
1.558
1.565
1.543
1.644
1.551
1.687
1.644
1.608
1.651
1.644
1.644
1.515
1.500
1.658
1.665
1.565
1.622
1.565
1.515
1.594
1.658
1.579
1.572
1.572
1.637
1.601
1.558
1.637
1.651
1.529
1.644
1.637
1.608
1.673
1.536
1.586
1.651
1.565
1.586
1.680
1.630
1.543
1.644
1.644
1.572
1.551
1.651
1.572
1.622
1.644
1.551
1.579
1.608
1.579
1.601
1.594
1.637
1.630
1.572
1.551
1.579
1.708
1.615
1.601
1.637
1.522
1.543
1.680
1.615
1.622
1.665
1.594
1.601
1.608
1.543
1.586
1.637
1.651
1.608
1.630
1.644
1.608
1.601
1.586
1.637
1.673
1.543
1.723
1.586
1.608
1.637
1.687
1.594
1.543
1.608
1.630
1.651
1.515
1.529
1.608
1.551
1.558
1.565
1.637
1.586
1.536
1.673
1.644
1.615
1.644
1.630
1.551
1.637
1.708
1.630
1.637
1.665
1.565
1.572
1.658
1.579
1.543
1.622
1.522
1.665
1.651
1.630
1.687
1.644
1.579
1.737
1.515
1.644
1.615
1.673
1.630
1.565
1.551
1.594
1.622
1.551
1.651
1.572
1.673
1.608
1.622
1.594
1.579
1.630
1.644
1.637
1.658
1.615
1.615
1.651
1.594
1.529
1.701
1.644
1.601
1.608
1.594
1.601
1.586
1.601
1.630
1.637
1.536
1.615
1.644
1.572
1.651
1.615
1.579
1.572
1.608
1.579
1.594
1.644
1.665
1.608
1.515
1.529
1.708
1.665
1.630
1.694
1.644
1.586
1.608
1.651
1.630
1.637
1.579
1.579
1.651
1.615
1.579
1.565
1.658
1.586
1.529
1.536
1.615
1.579
1.594
1.572
1.572
1.572
1.622
1.579
1.579
1.673
1.687
1.615
1.644
1.565
1.565
1.543
1.644
1.579
1.687
1.658
1.586
1.630
1.565
1.637
1.716
1.572
1.637
1.622
1.551
1.644
1.744
1.622
1.630
1.572
1.565
1.572
1.558
1.651
1.630
1.500
1.644
1.586
1.665
1.637
1.637
1.723
1.536
1.572
1.658
1.644
1.644
1.665
1.615
1.651
1.658
1.665
1.644
1.630
1.572
1.687
1.586
1.601
1.673
1.579
1.651
1.572
1.644
1.572
1.608
1.622
1.551
1.601
1.637
1.608
1.601
1.579
1.543
1.608
1.601
1.615
1.665
1.601
1.630
1.630
1.572
1.622
1.601
1.708
1.579
1.615
1.615
1.630
1.637
1.622
1.608
1.673
1.543
1.565
1.701
1.586
1.637
1.644
1.708
1.515
1.615
1.608
1.601
1.565
1.565
1.694
1.637
1.586
1.579
1.601
1.673
1.680
1.644
1.565
1.615
1.558
1.594
1.737
1.687
1.665
1.579
1.651
1.708
1.579
1.701
1.730
1.565
1.608
1.608
1.622
1.665
1.601
1.565
1.586
1.701
1.637
1.658
1.673
1.579
1.594
1.694
1.594
1.608
1.708
1.579
1.658
1.594
1.608
1.673
1.615
1.665
1.716
1.615
1.673
1.630
1.586
1.701
1.594
1.507
1.687
1.694
1.622
1.651
1.594
1.579
1.608
1.651
1.529
1.608
1.572
1.708
1.637
1.601
1.637
1.594
1.622
1.651
1.594
1.572
1.586
1.615
1.579
1.586
1.658
1.622
1.680
1.658
1.766
1.601
1.572
1.737
1.608
1.594
1.651
1.665
1.622
1.716
1.572
1.622
1.594
1.615
1.694
1.601
1.615
1.651
1.673
1.701
1.644
1.536
1.601
1.586
1.551
1.565
1.594
1.637
1.665
1.644
1.594
1.658
1.665
1.694
1.665
1.694
1.630
1.651
1.586
1.680
1.680
1.630
1.522
1.651
1.687
1.644
1.630
1.701
1.608
1.586
1.665
1.665
1.644
1.594
1.651
1.680
1.651
1.716
1.630
1.622
1.615
1.608
1.673
1.622
1.615
1.644
1.601
1.601
1.658
1.601
1.608
1.716
1.579
1.802
1.737
1.644
1.615
1.680
1.601
1.687
1.680
1.673
1.744
1.630
1.601
1.644
1.673
1.637
1.579
1.651
1.630
1.708
1.680
1.558
1.615
1.644
1.737
1.658
1.651
1.601
1.630
1.601
1.665
1.658
1.630
1.680
1.594
1.644
1.730
1.680
1.680
1.701
1.701
1.637
1.594
1.658
1.637
1.730
1.673
1.601
1.644
1.694
1.565
1.687
1.543
1.665
1.658
1.694
1.665
1.637
1.787
1.644
1.644
1.665
1.551
1.586
1.601
1.737
1.637
1.644
1.644
1.665
1.572
1.687
1.680
1.658
1.507
1.601
1.443
1.716
1.615
1.622
1.694
1.673
1.615
1.737
1.644
1.658
1.723
1.687
1.615
1.658
1.673
1.665
1.838
1.565
1.572
1.601
1.615
1.694
1.680
1.744
1.630
1.630
1.637
1.608
1.673
1.809
1.716
1.665
1.651
1.572
1.673
1.737
1.608
1.622
1.615
1.630
1.543
1.687
1.630
1.608
1.687
1.665
1.687
1.601
1.795
1.744
1.716
1.723
1.558
1.802
1.708
1.658
1.680
1.637
1.608
1.630
1.551
1.687
1.630
1.586
1.644
1.658
1.601
1.651
1.586
1.622
1.673
1.744
1.608
1.673
1.665
1.644
1.457
1.651
1.594
1.644
1.644
1.637
1.622
1.651
1.730
1.708
1.680
1.651
1.673
1.744
1.723
1.637
1.737
1.665
1.708
1.565
1.787
1.622
1.658
1.694
1.630
1.651
1.586
1.622
1.644
1.680
1.630
1.687
1.665
1.586
1.622
1.694
1.651
1.579
1.543
1.687
1.651
1.658
1.723
1.601
1.651
1.730
1.701
1.579
1.622
1.586
1.708
1.687
1.651
1.615
1.615
1.637
1.644
1.637
1.622
1.529
1.637
1.665
1.608
1.622
1.608
1.701
1.665
1.622
1.601
1.737
1.730
1.680
1.651
1.687
1.608
1.579
1.615
1.737
1.601
1.644
1.637
1.644
1.637
1.630
1.723
1.716
1.716
1.708
1.673
1.780
1.644
1.536
1.673
1.601
1.601
1.622
1.644
1.615
1.665
1.572
1.687
1.737
1.651
1.615
1.644
1.630
1.608
1.708
1.687
1.665
1.665
1.622
1.601
1.701
1.644
1.586
1.694
1.687
1.730
1.615
1.744
1.630
1.615
1.658
1.730
1.680
1.687
1.644
1.687
1.637
1.644
1.831
1.673
1.687
1.737
1.651
1.723
1.601
1.608
1.701
1.701
1.730
1.723
1.658
1.723
1.665
1.687
1.644
1.608
1.680
1.708
1.630
1.694
1.601
1.680
1.701
1.694
1.651
1.766
1.637
1.565
1.586
1.780
1.752
1.630
1.665
1.701
1.673
1.637
1.594
1.644
1.579
1.673
1.601
1.680
1.665
1.536
1.536
1.708
1.644
1.665
1.752
1.744
1.752
1.687
1.730
1.716
1.680
1.658
1.608
1.701
1.615
1.622
1.687
1.601
1.622
1.687
1.687
1.701
1.637
1.665
1.708
1.780
1.644
1.601
1.630
1.694
1.586
1.673
1.701
1.586
1.687
1.637
1.680
1.665
1.637
1.637
1.716
1.680
1.630
1.651
1.716
1.694
1.730
1.708
1.658
1.615
1.630
1.637
1.594
1.680
1.622
1.658
1.658
1.723
1.630
1.644
1.658
1.716
1.637
1.687
1.665
1.665
1.716
1.665
1.665
1.630
1.637
1.651
1.644
1.586
1.543
1.708
1.644
1.615
1.651
1.630
1.673
1.708
1.680
1.680
1.716
1.687
1.716
1.658
1.694
1.673
1.615
1.708
1.658
1.708
1.687
1.630
1.630
1.744
1.752
1.651
1.730
1.608
1.708
1.637
1.658
1.716
1.716
1.601
1.687
1.651
1.665
1.637
1.680
1.665
1.658
1.723
1.622
1.658
1.680
1.680
1.651
1.701
1.673
1.601
1.730
1.622
1.680
1.594
1.730
1.615
1.637
1.665
1.558
1.665
1.687
1.651
1.716
1.752
1.651
1.572
1.637
1.708
1.708
1.701
1.622
1.658
1.716
1.572
1.701
1.723
1.694
1.701
1.687
1.708
1.752
1.701
1.744
1.716
1.680
1.723
1.680
1.665
1.730
1.608
1.658
1.744
1.665
1.701
1.687
1.673
1.701
1.723
1.658
1.708
1.680
1.716
1.716
1.687
1.680
1.644
1.694
1.687
1.665
1.737
1.730
1.752
1.701
1.680
1.622
1.744
1.673
1.759
1.630
1.673
1.694
1.551
1.694
1.680
1.658
1.644
1.608
1.658
1.637
1.708
1.744
1.615
1.680
1.673
1.680
1.651
1.687
1.680
1.766
1.730
1.608
1.615
1.680
1.644
1.680
1.680
1.637
1.637
1.630
1.651
1.723
1.723
1.622
1.694
1.744
1.565
1.673
1.680
1.730
1.658
1.637
1.701
1.730
1.637
1.658
1.694
1.694
1.665
1.716
1.680
1.658
1.651
1.708
1.701
1.651
1.694
1.687
1.701
1.759
1.680
1.651
1.601
1.622
1.665
1.586
1.680
1.637
1.658
1.665
1.673
1.658
1.579
1.708
1.665
1.673
1.680
1.687
1.615
1.565
1.644
1.673
1.694
1.795
1.680
1.759
1.708
1.665
1.845
1.637
1.601
1.730
1.701
1.766
1.586
1.752
1.680
1.658
1.701
1.708
1.637
1.622
1.594
1.658
1.615
1.773
1.680
1.723
1.737
1.644
1.752
1.637
1.701
1.630
1.673
1.723
1.651
1.630
1.594
1.608
1.708
1.665
1.658
1.723
1.680
1.737
1.630
1.658
1.687
1.730
1.716
1.673
1.730
1.665
1.752
1.622
1.694
1.637
1.723
1.673
1.708
1.665
1.658
1.708
1.637
1.658
1.787
1.687
1.601
1.680
1.665
1.651
1.759
1.665
1.665
1.723
1.744
1.744
1.701
1.665
1.630
1.680
1.673
1.752
1.658
1.673
1.716
1.701
1.637
1.608
1.673
1.701
1.737
1.673
1.687
1.665
1.773
1.608
1.658
1.723
1.673
1.673
1.744
1.572
1.673
1.651
1.658
1.615
1.708
1.701
1.694
1.658
1.673
1.701
1.665
1.658
1.680
1.701
1.708
1.737
1.615
1.716
1.737
1.651
1.708
1.673
1.665
1.752
1.651
1.637
1.716
1.701
1.737
1.622
1.630
1.658
1.658
1.644
1.716
1.708
1.694
1.723
1.630
1.694
1.701
1.737
1.752
1.665
1.644
1.680
1.644
1.630
1.723
1.680
1.680
1.665
1.586
1.701
1.716
1.658
1.752
1.723
1.644
1.651
1.730
1.615
1.658
1.651
1.622
1.744
1.744
1.744
1.594
1.658
1.658
1.723
1.665
1.615
1.730
1.701
1.601
1.658
1.658
1.687
1.658
1.723
1.723
1.673
1.637
1.665
1.694
1.651
1.737
1.665
1.716
1.644
1.651
1.665
1.615
1.694
1.594
1.637
1.665
1.701
1.694
1.615
1.687
1.658
1.687
1.651
1.665
1.716
1.658
1.658
1.716
1.665
1.651
1.658
1.701
1.673
1.744
1.694
1.687
1.708
1.665
1.773
1.737
1.665
1.615
1.644
1.644
1.708
1.773
1.637
1.680
1.680
1.601
1.716
1.630
1.716
1.759
1.802
1.694
1.680
1.608
1.658
1.680
1.644
1.673
1.658
1.708
1.644
1.694
1.701
1.644
1.673
1.680
1.716
1.687
1.737
1.680
1.766
1.716
1.723
1.615
1.730
1.701
1.665
1.694
1.673
1.673
1.673
1.694
1.723
1.773
1.608
1.637
1.673
1.687
1.766
1.644
1.644
1.708
1.766
1.665
1.651
1.716
1.759
1.723
1.615
1.615
1.658
1.615
1.658
1.752
1.723
1.665
1.752
1.622
1.787
1.701
1.630
1.630
1.644
1.680
1.701
1.780
1.622
1.708
1.701
1.708
1.701
1.701
1.687
1.701
1.658
1.780
1.658
1.694
1.701
1.744
1.694
1.637
1.838
1.780
1.637
1.701
1.687
1.644
1.694
1.716
1.708
1.651
1.694
1.658
1.701
1.658
1.730
1.802
1.579
1.608
1.673
1.665
1.673
1.701
1.673
1.673
1.723
1.730
1.701
1.752
-0.632
-0.897
-0.869
-0.883
-0.861
-0.861
-0.869
-0.876
-0.861
-0.890
-0.897
-0.876
-0.876
-0.919
-0.897
-0.933
-0.883
-0.861
-0.869
-0.869
-0.948
-0.983
-0.890
-0.919
-0.933
-0.869
-0.869
-0.904
-0.861
-0.926
-0.912
-0.883
-0.883
-0.876
-0.926
-0.890
-0.912
-0.919
-0.912
-0.962
-0.883
-0.919
-0.940
-0.926
-0.962
-0.955
-0.861
-0.876
-0.926
-0.912
-0.869
-0.940
-0.912
-0.912
-0.933
-0.919
-0.948
-1.012
-0.869
-0.904
-0.969
-0.969
-0.904
-1.041
-0.955
-0.948
-0.919
-1.055
-0.904
-0.976
-0.897
-0.976
-0.976
-0.940
-0.948
-0.983
-0.983
-0.883
-0.940
-0.912
-0.991
-0.926
-0.897
-0.869
-0.904
-0.948
-0.976
-0.861
-0.991
-1.019
-0.933
-1.019
-0.983
-0.890
-0.919
-0.897
-0.919
-0.883
-0.955
-0.912
-0.912
-0.962
-1.012
-0.897
-0.876
-1.005
-0.890
-0.940
-0.976
-0.912
-1.019
-0.969
-0.904
-0.933
-0.926
-0.904
-0.904
-0.983
-0.991
-0.904
-0.940
-0.948
-0.933
-0.976
-0.940
-0.969
-0.948
-0.983
-0.962
-0.919
-0.955
-0.919
-1.005
-0.969
-0.926
-0.976
-1.034
-0.890
-0.890
-0.998
-0.948
-0.933
-0.933
-0.976
-1.005
-0.919
-0.876
-0.890
-1.027
-0.998
-0.948
-0.976
-0.983
-0.998
-1.048
-0.948
-0.983
-1.041
-0.991
-1.019
-0.940
-0.919
-1.034
-1.055
-0.955
-0.962
-1.041
-0.904
-0.912
-1.005
-0.955
-0.955
-1.070
-1.077
-1.077
-1.005
-0.976
-0.948
-1.019
-1.034
-1.005
-1.041
-0.991
-0.983
-1.163
-0.983
-1.019
-1.062
-1.048
-0.983
-0.991
-1.012
-1.005
-0.991
-0.962
-1.005
-1.034
-1.012
-0.926
-1.005
-0.976
-0.919
-0.983
-0.983
-1.005
-0.962
-0.976
-0.991
-1.041
-1.005
-0.926
-0.998
-0.940
-0.962
-0.948
-0.955
-0.976
-0.969
-0.962
-1.062
-1.070
-1.027
-1.027
-1.084
-1.019
-1.012
-0.998
-1.070
-0.955
-0.926
-0.883
-1.005
-0.976
-0.933
-0.969
-0.948
-1.005
-1.062
-0.976
-0.983
-0.904
-0.883
-0.948
-1.077
-0.998
-0.983
-0.969
-0.969
-1.005
-0.983
-0.962
-1.005
-1.062
-0.976
-1.027
-0.969
-0.969
-0.983
-1.070
-1.070
-1.055
-1.062
-1.012
-1.077
-0.976
-1.019
-0.940
-1.027
-1.206
-1.055
-0.983
-0.948
-0.976
-0.933
-0.955
-1.027
-0.983
-0.991
-1.070
-1.084
-0.948
-0.940
-1.091
-1.012
-0.926
-0.983
-0.976
-0.976
-1.019
-1.005
-1.070
-1.156
-0.983
-0.976
-1.105
-1.055
-1.084
-1.005
-1.019
-1.055
-0.998
-1.070
-0.962
-1.062
-0.998
-0.991
-1.019
-1.012
-1.041
-1.055
-0.962
-0.991
-0.969
-1.070
-1.084
-1.055
-1.192
-1.005
-1.041
-0.969
-0.991
-1.034
-1.034
-1.120
-1.012
-1.005
-1.034
-1.091
-1.012
-0.940
-1.012
-0.998
-1.019
-1.055
-1.127
-1.048
-1.149
-1.077
-1.070
-1.041
-1.041
-1.070
-1.048
-1.084
-1.019
-1.041
-0.948
-1.098
-1.012
-1.091
-0.991
-1.005
-1.098
-1.048
-1.113
-1.041
-0.933
-1.055
-1.034
-1.091
-0.998
-1.005
-0.983
-1.034
-1.062
-1.113
-0.976
-1.098
-1.048
-1.027
-1.062
-1.019
-1.041
-1.113
-1.091
-1.027
-1.113
-0.991
-1.012
-1.105
-1.070
-0.983
-1.091
-1.041
-0.926
-0.969
-1.062
-0.969
-1.005
-1.084
-1.077
-1.041
-1.019
-0.991
-0.998
-0.998
-1.005
-1.091
-1.034
-1.034
-1.012
-1.127
-0.940
-1.070
-1.055
-1.156
-1.134
-0.998
-0.940
-1.062
-0.940
-1.041
-1.062
-1.084
-1.163
-1.098
-0.955
-1.084
-1.041
-0.955
-1.077
-1.098
-1.041
-1.055
-1.034
-1.113
-1.041
-1.027
-1.005
-1.156
-1.113
-1.077
-1.084
-1.077
-1.206
-1.134
-0.976
-1.077
-1.134
-1.091
-1.048
-1.213
-1.070
-1.113
-1.005
-0.976
-1.005
-1.105
-1.091
-1.019
-1.098
-1.098
-1.041
-1.062
-1.062
-0.940
-1.048
-1.041
-0.976
-1.400
-1.070
-1.077
-1.098
-1.091
-1.062
-1.113
-1.055
-1.005
-1.048
-1.055
-1.062
-1.012
-1.077
-1.048
-1.055
-1.134
-1.084
-1.034
-1.156
-1.098
-1.098
-1.019
-1.027
-1.062
-1.163
-1.134
-1.041
-1.134
-1.012
-1.027
-1.141
-1.156
-1.041
-1.055
-1.012
-1.098
-1.098
-1.070
-1.062
-1.163
-1.098
-1.084
-1.070
-1.163
-1.041
-1.098
-1.041
-1.070
-1.048
-1.091
-1.048
-0.969
-1.141
-1.055
-1.192
-1.163
-0.998
-1.034
-1.120
-1.170
-1.091
-1.120
-1.084
-1.105
-0.983
-1.141
-1.055
-0.976
-1.091
-1.120
-1.120
-1.070
-1.120
-1.041
-1.034
-0.991
-1.077
-1.141
-1.127
-1.027
-1.062
-1.105
-1.070
-1.120
-1.019
-1.091
-1.077
-1.077
-1.012
-1.156
-1.120
-1.048
-1.141
-0.991
-1.005
-1.034
-1.062
-1.041
-1.177
-1.062
-1.098
-1.091
-1.113
-1.041
-1.070
-1.170
-1.077
-1.113
-1.206
-1.091
-1.070
-1.206
-1.177
-1.192
-1.048
-1.048
-1.141
-1.027
-1.127
-1.127
-1.242
-1.084
-1.084
-1.170
-1.105
-1.163
-1.206
-1.091
-1.084
-1.091
-1.027
-1.084
-1.055
-1.019
-1.170
-1.084
-1.027
-1.149
-1.156
-1.077
-1.206
-1.192
-1.091
-1.005
-1.141
-1.192
-1.170
-1.034
-1.149
-1.127
-1.070
-0.998
-1.149
-1.113
-1.084
-1.149
-1.156
-1.113
-1.055
-1.127
-1.070
-1.084
-1.070
-1.084
-1.091
-1.113
-1.149
-1.098
-1.170
-1.105
-1.149
-1.163
-1.163
-1.077
-1.062
-1.077
-1.012
-1.120
-1.170
-1.048
-1.077
-1.034
-1.077
-1.120
-1.048
-1.084
-1.062
-1.105
-1.141
-1.098
-1.127
-1.019
-1.098
-1.055
-1.134
-1.220
-1.062
-1.091
-1.105
-1.120
-1.149
-1.055
-1.127
-0.969
-1.048
-1.091
-1.070
-1.134
-1.098
-1.055
-1.127
-1.278
-1.055
-1.127
-1.070
-1.184
-1.149
-1.034
-1.141
-1.019
-1.034
-1.027
-1.113
-0.976
-1.091
-1.113
-1.177
-1.163
-1.034
-1.084
-1.199
-1.199
-1.177
-1.184
-1.077
-1.084
-1.127
-1.120
-1.077
-1.098
-1.127
-1.077
-1.077
-1.091
-1.105
-1.084
-1.141
-1.134
-1.127
-1.055
-1.120
-1.170
-1.120
-1.077
-1.170
-1.184
-1.091
-1.141
-1.134
-1.120
-1.127
-1.077
-1.141
-1.134
-1.055
-1.034
-1.134
-1.077
-1.034
-1.141
-1.163
-1.055
-1.213
-1.156
-1.149
-1.156
-1.105
-1.249
-1.105
-1.048
-1.242
-1.084
-1.199
-1.192
-1.098
-1.034
-1.134
-1.098
-1.141
-1.084
-1.105
-1.184
-1.070
-1.156
-1.055
-1.149
-1.027
-1.141
-1.141
-1.012
-1.134
-1.041
-1.163
-1.070
-1.091
-1.084
-1.127
-1.134
-1.070
-1.062
-1.192
-1.070
-1.019
-1.034
-1.177
-1.027
-1.105
-1.199
-1.091
-1.105
-1.070
-1.206
-1.127
-1.098
-1.163
-1.192
-1.163
-1.091
-1.199
-1.113
-1.084
-1.134
-1.271
-1.077
-1.134
-1.120
-1.141
-1.163
-1.098
-1.012
-1.098
-1.105
-1.091
-1.091
-1.070
-1.213
-1.134
-1.141
-1.127
-1.177
-1.113
-1.256
-1.077
-1.141
-1.127
-1.127
-1.070
-1.055
-1.120
-1.192
-1.170
-1.113
-1.055
-1.141
-1.177
-1.192
-1.156
-1.163
-1.141
-1.084
-1.170
-1.206
-1.098
-1.113
-1.134
-1.149
-1.113
-1.077
-1.192
-1.048
-1.084
-1.113
-1.062
-1.120
-1.070
-1.134
-1.177
-1.177
-1.027
-1.149
-1.149
-1.206
-1.113
-1.170
-1.070
-1.070
-1.098
-1.091
-1.084
-1.091
-1.091
-1.206
-1.105
-1.170
-1.170
-1.127
-1.120
-1.098
-1.134
-1.055
-1.091
-1.127
-1.228
-1.084
-1.141
-1.163
-1.141
-1.062
-1.163
-1.177
-1.141
-1.170
-1.177
-1.120
-1.192
-1.163
-1.199
-1.177
-1.156
-1.249
-1.177
-1.127
-1.127
-1.141
-1.098
-1.070
-1.184
-1.163
-1.084
-1.134
-1.091
-1.220
-1.213
-1.228
-1.156
-1.213
-1.177
-1.134
-1.127
-1.098
-1.084
-1.263
-1.156
-1.199
-1.113
-1.127
-1.127
-1.105
-1.113
-1.141
-1.141
-1.156
-1.098
-1.170
-1.120
-1.292
-1.184
-1.019
-1.149
-1.098
-1.163
-1.134
-1.077
-1.141
-1.163
-1.213
-1.041
-1.177
-1.098
-1.199
-1.156
-1.156
-1.228
-1.113
-1.163
-1.220
-1.149
-1.184
-1.163
-1.170
-1.163
-1.170
-1.134
-1.170
-1.127
-1.098
-1.170
-1.170
-1.220
-1.127
-1.192
-1.141
-1.062
-1.062
-1.062
-1.163
-1.242
-1.228
-1.249
-1.141
-1.184
-1.070
-1.199
-1.149
-1.141
-1.170
-1.278
-1.120
-1.127
-1.170
-1.113
-1.113
-1.127
-1.242
-1.278
-1.177
-1.184
-1.213
-1.120
-1.127
-1.141
-1.177
-1.134
-1.141
-1.120
-1.134
-1.249
-1.213
-1.192
-1.127
-1.149
-1.127
-1.156
-1.120
-1.177
-1.034
-1.156
-1.249
-1.105
-1.141
-1.163
-1.120
-1.127
-1.213
-1.192
-1.163
-1.163
-1.055
-1.170
-1.070
-1.105
-1.149
-1.177
-1.177
-1.156
-1.077
-1.177
-1.113
-1.141
-1.120
-1.220
-1.192
-1.192
-1.213
-1.149
-1.141
-1.170
-1.206
-1.141
-1.113
-1.134
-1.220
-1.120
-1.113
-1.184
-1.228
-1.105
-1.192
-1.184
-1.127
-1.120
-1.199
-1.177
-1.105
-1.120
-1.127
-1.177
-1.170
-1.113
-1.199
-1.149
-1.134
-1.170
-1.120
-1.091
-1.163
-1.235
-1.184
-1.177
-1.213
-1.113
-1.141
-1.127
-1.199
-1.177
-1.192
-1.220
-1.177
-1.163
-1.184
-1.034
-1.156
-1.192
-1.091
-1.134
-1.213
-1.134
-1.134
-1.220
-1.242
-1.163
-1.134
-1.141
-1.199
-1.149
-1.213
-1.163
-1.199
-1.127
-1.156
-1.062
-1.156
-1.149
-1.149
-1.105
-1.105
-1.141
-1.170
-1.192
-1.120
-1.149
-1.098
-1.263
-1.134
-1.127
-1.177
-1.249
-1.120
-1.149
-1.206
-1.192
-1.192
-1.120
-1.156
-1.113
-1.177
-1.263
-1.177
-1.149
-1.299
-1.192
-1.127
-1.170
-1.220
-1.184
-1.177
-1.192
-1.192
-1.228
-1.098
-1.141
-1.170
-1.077
-1.134
-1.098
-1.213
-1.213
-1.134
-1.141
-1.249
-1.278
-1.156
-1.256
-1.271
-1.170
-1.156
-1.256
-1.177
-1.098
-1.285
-1.156
-1.184
-1.163
-1.170
-1.192
-1.177
-1.149
-1.113
-1.235
-1.184
-1.070
-1.141
-1.206
-1.156
-1.177
-1.249
-1.184
-1.156
-1.091
-1.235
-1.141
-1.127
-1.156
-1.184
-1.400
-1.163
-1.199
-1.141
-1.170
-1.134
-1.127
-1.156
-1.184
-1.163
-1.141
-1.170
-1.213
-1.077
-1.192
-1.206
-1.256
-1.149
-1.177
-1.299
-1.170
-1.149
-1.141
-1.256
-1.213
-1.249
-1.156
-1.199
-1.213
-1.177
-1.199
-1.184
-1.120
-1.228
-1.206
-1.170
-1.220
-1.091
-1.163
-1.228
-1.163
-1.163
-1.199
-1.184
-1.306
-1.271
-1.292
-1.199
-1.170
-1.206
-1.242
-1.206
-1.170
-1.177
-1.220
-1.177
-1.199
-1.220
-1.235
-1.163
-1.149
-1.170
-1.170
-1.235
-1.177
-1.206
-1.113
-1.199
-1.199
-1.177
-1.141
-1.177
-1.228
-1.249
-1.184
-1.134
-1.177
-1.184
-1.113
-1.127
-1.199
-1.184
-1.199
-1.149
-1.206
-1.192
-1.070
-1.199
-1.156
-1.192
-1.084
-1.192
-1.184
-1.156
-1.206
-1.256
-1.235
-1.141
-1.077
-1.192
-1.213
-1.184
-1.134
-1.134
-1.163
-1.149
-1.156
-1.184
-1.163
-1.228
-1.199
-1.170
-1.228
-1.342
-1.184
-1.206
-1.256
-1.170
-1.199
-1.199
-1.127
-1.163
-1.206
-1.177
-1.213
-1.206
-1.177
-1.070
-1.228
-1.192
-1.184
-1.163
-1.192
-1.220
-1.156
-1.177
-1.177
-1.228
-1.091
-1.177
-1.235
-1.163
-1.206
-1.199
-1.120
-1.141
-1.192
-1.105
-1.285
-1.120
-1.141
-1.163
-1.177
-1.163
-1.206
-1.192
-1.156
-1.113
-1.278
-1.213
-1.127
-1.163
-1.199
-1.177
-1.249
-1.206
-1.084
-1.213
-1.120
-1.156
-1.163
-1.220
-1.170
-1.170
-1.098
-1.242
-1.177
-1.120
-1.263
-1.127
-1.170
-1.163
-1.278
-1.184
-1.062
-1.213
-1.220
-1.141
-1.170
-1.184
-1.314
-1.120
-1.206
-1.163
-1.256
-1.206
-1.098
-1.156
-1.177
-1.177
-1.299
-1.206
-1.206
-1.055
-1.220
-1.141
-1.170
-1.213
-1.163
-1.184
-1.141
-1.199
-1.163
-1.149
-1.285
-1.184
-1.149
-1.134
-1.242
-1.170
-1.170
-1.271
-1.170
-1.184
-1.278
-1.249
-1.220
-1.184
-1.199
-1.263
-1.220
-1.062
-1.134
-1.235
-1.206
-1.149
-1.242
-1.206
-1.184
-1.113
-1.105
-1.228
-1.192
-1.177
-1.192
-1.263
-1.235
-1.206
-1.192
-1.184
-1.249
-1.256
-1.156
-1.213
-1.170
-1.199
-1.170
-1.091
-1.163
-1.177
-1.235
-1.170
-1.228
-1.170
-1.199
-1.127
-1.120
-1.271
-1.134
-1.235
-1.220
-1.163
-1.156
-1.170
-1.120
-1.149
-1.220
-1.206
-1.206
-1.163
-1.177
-1.170
-1.242
-1.242
-1.206
-1.220
-1.199
-1.278
-1.149
-1.149
-1.199
-1.306
-1.199
-1.163
-1.163
-1.249
-1.170
-1.220
-1.220
-1.220
-1.213
-1.306
-1.141
-1.120
-1.199
-1.213
-1.156
-1.213
-1.149
-1.113
-1.177
-1.163
-1.299
-1.192
-1.105
-1.228
-1.220
-1.199
-1.235
-1.213
-1.184
-1.127
-1.113
-1.228
-1.242
-1.077
-1.170
-1.220
-1.177
-1.220
-1.134
-1.235
-1.134
-1.127
-1.314
-1.184
-1.134
-1.184
-1.235
-1.170
-1.213
-1.256
-1.256
-1.199
-1.127
-1.192
-1.292
-1.213
-1.213
-1.242
-1.184
-1.206
-1.091
-1.192
-1.213
-1.177
-1.141
-1.156
-1.306
-1.213
-1.184
-1.206
-1.256
-1.127
-1.206
-1.177
-1.149
-1.228
-1.184
-1.228
-1.292
-1.256
-1.120
-1.184
-1.134
-1.271
-1.321
-1.184
-1.163
-1.285
-1.271
-1.192
-1.105
-1.184
-1.199
-1.141
-1.184
-1.242
-1.177
-1.163
-1.213
-1.170
-1.184
-1.285
-1.220
-1.249
-1.134
-1.120
-1.206
-1.149
-1.149
-1.220
-1.113
-1.192
-1.213
-1.278
-1.220
-1.149
-1.177
-1.271
-1.263
-1.192
-1.170
-1.206
-1.199
-1.156
-1.235
-1.235
-1.256
-1.235
-1.170
-1.285
-1.213
-1.228
-1.256
-1.163
-1.285
-1.228
-1.206
-1.263
-1.184
-1.206
-1.199
-1.235
-1.156
-1.213
-1.199
-1.184
-1.206
-1.292
-1.242
-1.220
-1.156
-1.170
-1.271
-1.263
-1.156
-1.249
-1.228
-1.271
-1.184
-1.149
-1.242
-1.249
-1.149
-1.242
-1.149
-1.285
-1.249
-1.199
-1.228
-1.228
-1.235
-1.228
-1.184
-1.177
-1.213
-1.184
-1.299
-1.213
-1.206
-1.163
-1.163
-1.256
-1.235
-1.228
-1.228
-1.292
-1.249
-1.192
-1.184
-1.120
-1.271
-1.206
-1.156
-1.149
-1.314
-1.156
-1.141
-1.206
-1.292
-1.134
-1.192
-1.184
-1.271
-1.228
-1.156
-1.242
-1.220
-1.271
-1.120
-1.213
-1.213
-1.156
-1.199
-1.242
-1.134
-1.199
-1.192
-1.249
-1.228
-1.113
-1.177
-1.213
-1.242
-1.220
-1.163
-1.184
-1.177
-1.220
-1.206
-1.220
-1.206
-1.199
-1.242
-1.285
-1.177
-1.127
-1.199
-1.321
-1.278
-1.156
-1.299
-1.285
-1.070
-1.192
-1.235
-1.256
-1.206
-1.228
-1.163
-1.062
-1.120
-1.199
-1.328
-1.184
-1.213
-1.242
-1.249
-1.263
-1.192
-1.213
-1.256
-1.192
-1.184
-1.235
-1.235
-1.263
-1.235
-1.256
-1.228
-1.184
-1.256
-1.177
-1.163
-1.199
-1.263
-1.235
-1.263
-1.149
-1.170
-1.235
-1.177
-1.184
-1.220
-1.271
-1.141
-1.170
-1.220
-1.184
-1.163
-1.228
-1.306
-1.256
-1.156
-1.213
-1.235
-1.249
-1.192
-1.192
-1.263
-1.163
-1.098
-1.278
-1.184
-1.213
-1.242
-1.177
-1.163
-1.199
-1.163
-1.220
-1.228
-1.228
-1.149
-1.249
-1.177
-1.184
-1.213
-1.271
-1.256
-1.177
-1.256
-1.228
-1.184
-1.228
-1.285
-1.192
-1.249
-1.127
-1.263
-1.235
-1.213
-1.192
-1.314
-1.220
-1.235
-1.292
-1.170
-1.213
-1.242
-1.228
-1.184
-1.242
-1.149
-1.249
-1.228
-1.206
-1.199
-1.256
-1.220
-1.170
-1.163
-1.220
-1.242
-1.134
-1.271
-1.249
-1.220
-1.156
-1.184
-1.299
-1.192
-1.170
-1.263
-1.149
-1.163
-1.220
-1.192
-1.206
-1.206
-1.199
-1.228
-1.199
-1.242
-1.249
-1.213
-1.206
-1.249
-1.263
-1.235
-1.206
-1.228
-1.199
-1.249
-1.105
-1.184
-1.278
-1.235
-1.235
-1.177
-1.235
-1.228
-1.170
-1.321
-1.163
-1.213
-1.149
-1.199
-1.220
-1.199
-1.249
-1.271
-1.141
-1.242
-1.220
-1.213
-1.292
-1.149
-1.242
-1.163
-1.249
-1.285
-1.235
-1.213
-1.206
-1.235
-1.235
-1.263
-1.220
-1.306
-1.163
-1.256
-1.235
-1.192
-1.156
-1.206
-1.220
-1.184
-1.192
-1.170
-1.271
-1.170
-1.242
-1.213
-1.228
-1.134
-1.249
-1.213
-1.292
-1.156
-1.249
-1.328
-1.228
-1.242
-1.228
-1.177
-1.163
-1.206
-1.206
-1.228
-1.184
-1.170
-1.256
-1.235
-1.192
-1.170
-1.228
-1.213
-1.235
-1.184
-1.299
-1.170
-1.213
-1.249
-1.242
-1.306
-1.163
-1.156
-1.278
-1.292
-1.192
-1.170
-1.228
-1.249
-1.192
-1.170
-1.242
-1.213
-1.249
-1.184
-1.134
-1.213
-1.256
-1.163
-1.235
-1.192
-1.228
-1.177
-1.292
-1.170
-1.228
-1.220
-1.256
-1.285
-1.206
-1.220
-1.228
-1.278
-1.184
-1.263
-1.206
-1.213
-1.184
-1.242
-1.220
-1.199
-1.292
-1.292
-1.170
-1.249
-1.256
-1.192
-1.335
-1.235
-1.206
-1.235
-1.228
-1.271
-1.220
-1.350
-1.141
-1.149
-1.242
-1.184
-1.184
-1.235
-1.242
-1.213
-1.249
-1.220
-1.235
-1.271
-1.263
-1.177
-1.263
-1.192
-1.321
-1.192
-1.199
-1.163
-1.220
-1.335
-1.271
-1.206
-1.105
-1.263
-1.285
-1.184
-1.235
-1.256
-1.213
-1.170
-1.235
-1.328
-1.199
-1.192
-1.228
-1.285
-1.292
-1.357
-1.249
-1.242
-1.156
-1.228
-1.192
-1.242
-1.256
-1.228
-1.321
-1.206
-1.213
-1.256
-1.163
-1.278
-1.242
-1.192
-1.249
-1.235
-1.199
-1.199
-1.256
-1.163
-1.184
-1.292
-1.306
-1.213
-1.228
-1.242
-1.271
-1.271
-1.263
-1.177
-1.228
-1.156
-1.206
-1.299
-1.192
-1.271
-1.249
-1.120
-1.235
-1.192
-1.228
-1.206
-1.206
-1.206
-1.163
-1.206
-1.292
-1.278
-1.271
-1.199
-1.199
-1.306
-1.299
-1.235
-1.242
-1.184
-1.213
-1.263
-1.271
-1.206
-1.220
-1.271
-1.213
-1.192
-1.206
-1.228
-1.263
-1.206
-1.242
-1.235
-1.170
-1.199
-1.285
-1.314
-1.235
-1.141
-1.220
-1.228
-1.199
-1.299
-1.292
-1.242
-1.177
-1.306
-1.206
-1.220
-1.242
-1.271
-1.170
-1.220
-1.271
-1.285
-1.314
-1.192
-1.263
-1.213
-1.228
-1.213
-1.278
-1.271
-1.256
-1.263
-1.278
-1.285
-1.249
-1.285
-1.292
-1.199
-1.292
-1.292
-1.199
-1.235
-1.199
-1.228
-1.199
-1.120
-1.242
-1.220
-1.242
-1.278
-1.228
-1.242
-1.263
-1.285
-1.220
-1.156
-1.184
-1.192
-1.177
-1.163
-1.306
-1.278
-1.357
-1.285
-1.199
-1.292
-1.328
-1.235
-1.306
-1.213
-1.177
-1.292
-1.306
-1.170
-1.278
-1.263
-1.192
-1.256
-1.228
-1.249
-1.235
-1.177
-1.170
-1.364
-1.184
-1.228
-1.285
-1.228
-1.271
-1.220
-1.235
-1.228
-1.292
-1.328
-1.220
-1.156
-1.314
-1.213
-1.213
-1.235
-1.048
-1.299
-1.206
-1.242
-1.206
-1.314
-1.242
-1.163
-1.278
-1.242
-1.235
-1.177
-1.163
-1.184
-1.285
-1.213
-1.278
-1.228
-1.278
-1.206
-1.228
-1.278
-1.278
-1.242
-1.271
-1.235
-1.242
-1.306
-1.292
-1.350
-1.342
-1.220
-1.249
-1.385
-1.263
-1.249
-1.321
-1.292
-1.299
-1.242
-1.192
-1.263
-1.242
-1.213
-1.228
-1.213
-1.256
-1.249
-1.235
-1.249
-1.285
-1.228
-1.321
-1.235
-1.256
-1.299
-1.242
-1.292
-1.242
-1.220
-1.242
-1.199
-1.306
-1.228
-1.098
-1.321
-1.306
-1.263
-1.321
-1.256
-1.314
-1.213
-1.220
-1.271
-1.235
-1.170
-1.184
-1.220
-1.177
-1.213
-1.206
-1.292
-1.220
-1.314
-1.285
-1.220
-1.285
-1.242
-1.278
-1.285
-1.350
-1.249
-1.235
-1.299
-1.285
-1.256
-1.299
-1.278
-1.242
-1.199
-1.228
-1.235
-1.141
-1.220
-1.299
-1.228
-1.242
-1.306
-1.263
-1.278
-1.206
-1.199
-0.129
-0.309
-0.330
-0.352
-0.309
-0.352
-0.366
-0.323
-0.345
-0.337
-0.388
-0.395
-0.359
-0.424
-0.337
-0.416
-0.352
-0.330
-0.352
-0.330
-0.337
-0.395
-0.323
-0.345
-0.337
-0.345
-0.323
-0.402
-0.445
-0.323
-0.337
-0.352
-0.330
-0.359
-0.380
-0.395
-0.424
-0.345
-0.345
-0.309
-0.330
-0.366
-0.345
-0.402
-0.309
-0.330
-0.366
-0.352
-0.402
-0.366
-0.366
-0.330
-0.359
-0.352
-0.337
-0.345
-0.359
-0.359
-0.337
-0.395
-0.380
-0.309
-0.373
-0.395
-0.359
-0.352
-0.352
-0.395
-0.366
-0.323
-0.352
-0.345
-0.352
-0.524
-0.330
-0.431
-0.366
-0.323
-0.445
-0.402
-0.388
-0.395
-0.330
-0.309
-0.309
-0.323
-0.424
-0.345
-0.452
-0.395
-0.388
-0.424
-0.431
-0.409
-0.395
-0.402
-0.309
-0.366
-0.409
-0.416
-0.309
-0.330
-0.467
-0.380
-0.380
-0.431
-0.373
-0.424
-0.345
-0.323
-0.502
-0.352
-0.402
-0.366
-0.337
-0.402
-0.359
-0.337
-0.409
-0.388
-0.345
-0.481
-0.395
-0.452
-0.345
-0.416
-0.424
-0.352
-0.495
-0.452
-0.373
-0.402
-0.438
-0.395
-0.366
-0.452
-0.438
-0.366
-0.373
-0.402
-0.373
-0.452
-0.359
-0.502
-0.345
-0.337
-0.510
-0.467
-0.424
-0.438
-0.467
-0.373
-0.337
-0.431
-0.402
-0.380
-0.474
-0.409
-0.388
-0.316
-0.380
-0.402
-0.345
-0.345
-0.337
-0.388
-0.416
-0.359
-0.481
-0.373
-0.323
-0.345
-0.409
-0.431
-0.359
-0.388
-0.459
-0.380
-0.395
-0.502
-0.416
-0.459
-0.359
-0.474
-0.488
-0.380
-0.359
-0.438
-0.431
-0.330
-0.416
-0.409
-0.409
-0.395
-0.409
-0.359
-0.373
-0.380
-0.388
-0.395
-0.380
-0.467
-0.409
-0.337
-0.467
-0.316
-0.395
-0.424
-0.352
-0.345
-0.409
-0.467
-0.431
-0.323
-0.395
-0.366
-0.409
-0.424
-0.359
-0.359
-0.380
-0.474
-0.424
-0.359
-0.467
-0.395
-0.431
-0.424
-0.366
-0.452
-0.409
-0.388
-0.402
-0.409
-0.474
-0.459
-0.409
-0.359
-0.402
-0.388
-0.416
-0.395
-0.431
-0.373
-0.395
-0.431
-0.416
-0.388
-0.395
-0.495
-0.352
-0.416
-0.424
-0.517
-0.409
-0.345
-0.502
-0.474
-0.373
-0.488
-0.395
-0.438
-0.431
-0.395
-0.488
-0.395
-0.510
-0.459
-0.452
-0.481
-0.402
-0.395
-0.373
-0.431
-0.495
-0.380
-0.459
-0.431
-0.495
-0.416
-0.380
-0.438
-0.380
-0.373
-0.467
-0.474
-0.452
-0.402
-0.452
-0.517
-0.495
-0.431
-0.445
-0.424
-0.445
-0.373
-0.388
-0.459
-0.481
-0.395
-0.502
-0.388
-0.467
-0.416
-0.373
-0.416
-0.431
-0.459
-0.467
-0.474
-0.431
-0.416
-0.445
-0.481
-0.474
-0.424
-0.510
-0.481
-0.452
-0.517
-0.409
-0.445
-0.445
-0.424
-0.431
-0.388
-0.510
-0.438
-0.481
-0.495
-0.352
-0.388
-0.495
-0.431
-0.409
-0.481
-0.424
-0.502
-0.445
-0.409
-0.438
-0.424
-0.438
-0.488
-0.424
-0.452
-0.481
-0.502
-0.488
-0.445
-0.502
-0.502
-0.395
-0.452
-0.424
-0.488
-0.409
-0.359
-0.416
-0.424
-0.452
-0.510
-0.438
-0.481
-0.517
-0.459
-0.510
-0.510
-0.546
-0.309
-0.409
-0.388
-0.431
-0.452
-0.395
-0.452
-0.459
-0.330
-0.402
-0.696
-0.438
-0.495
-0.574
-0.438
-0.474
-0.431
-0.359
-0.502
-0.452
-0.510
-0.495
-0.467
-0.380
-0.459
-0.567
-0.438
-0.416
-0.495
-0.431
-0.488
-0.452
-0.502
-0.431
-0.459
-0.517
-0.438
-0.373
-0.452
-0.431
-0.467
-0.517
-0.495
-0.538
-0.502
-0.502
-0.431
-0.424
-0.574
-0.452
-0.438
-0.481
-0.416
-0.359
-0.445
-0.330
-0.431
-0.366
-0.474
-0.481
-0.366
-0.524
-0.488
-0.502
-0.416
-0.438
-0.474
-0.452
-0.431
-0.445
-0.488
-0.467
-0.459
-0.474
-0.467
-0.510
-0.553
-0.467
-0.459
-0.467
-0.445
-0.467
-0.531
-0.459
-0.495
-0.409
-0.474
-0.495
-0.445
-0.474
-0.459
-0.481
-0.402
-0.445
-0.510
-0.546
-0.481
-0.366
-0.488
-0.474
-0.409
-0.459
-0.481
-0.424
-0.438
-0.352
-0.388
-0.445
-0.474
-0.488
-0.524
-0.459
-0.510
-0.488
-0.445
-0.517
-0.488
-0.481
-0.538
-0.438
-0.488
-0.438
-0.459
-0.452
-0.531
-0.524
-0.481
-0.467
-0.481
-0.395
-0.524
-0.488
-0.345
-0.531
-0.560
-0.517
-0.474
-0.510
-0.488
-0.510
-0.445
-0.510
-0.452
-0.502
-0.373
-0.452
-0.510
-0.567
-0.510
-0.596
-0.474
-0.409
-0.459
-0.481
-0.567
-0.531
-0.474
-0.445
-0.474
-0.495
-0.445
-0.445
-0.502
-0.524
-0.424
-0.452
-0.538
-0.459
-0.510
-0.488
-0.517
-0.510
-0.366
-0.409
-0.510
-0.452
-0.424
-0.495
-0.388
-0.474
-0.531
-0.445
-0.452
-0.438
-0.502
-0.438
-0.488
-0.495
-0.373
-0.481
-0.438
-0.488
-0.488
-0.567
-0.502
-0.409
-0.510
-0.538
-0.467
-0.524
-0.553
-0.502
-0.373
-0.574
-0.452
-0.495
-0.474
-0.495
-0.474
-0.538
-0.502
-0.431
-0.452
-0.531
-0.617
-0.524
-0.502
-0.488
-0.488
-0.467
-0.524
-0.502
-0.445
-0.553
-0.495
-0.546
-0.517
-0.445
-0.502
-0.510
-0.445
-0.474
-0.510
-0.531
-0.502
-0.452
-0.409
-0.531
-0.474
-0.538
-0.409
-0.467
-0.560
-0.402
-0.488
-0.502
-0.452
-0.467
-0.574
-0.502
-0.481
-0.560
-0.495
-0.531
-0.495
-0.474
-0.517
-0.481
-0.409
-0.467
-0.517
-0.467
-0.474
-0.474
-0.531
-0.452
-0.488
-0.589
-0.531
-0.445
-0.610
-0.452
-0.452
-0.431
-0.481
-0.474
-0.424
-0.502
-0.531
-0.502
-0.502
-0.467
-0.560
-0.524
-0.467
-0.517
-0.452
-0.524
-0.452
-0.517
-0.445
-0.553
-0.402
-0.438
-0.452
-0.474
-0.517
-0.589
-0.524
-0.502
-0.502
-0.517
-0.546
-0.431
-0.517
-0.581
-0.546
-0.524
-0.488
-0.574
-0.546
-0.502
-0.380
-0.517
-0.431
-0.546
-0.524
-0.553
-0.560
-0.445
-0.574
-0.438
-0.459
-0.445
-0.445
-0.459
-0.510
-0.502
-0.467
-0.438
-0.452
-0.560
-0.567
-0.467
-0.416
-0.510
-0.524
-0.409
-0.481
-0.581
-0.581
-0.481
-0.481
-0.510
-0.495
-0.481
-0.416
-0.481
-0.560
-0.502
-0.495
-0.510
-0.531
-0.467
-0.495
-0.402
-0.589
-0.531
-0.467
-0.467
-0.502
-0.445
-0.488
-0.495
-0.452
-0.502
-0.510
-0.517
-0.553
-0.452
-0.438
-0.546
-0.546
-0.531
-0.495
-0.531
-0.524
-0.574
-0.495
-0.531
-0.459
-0.517
-0.517
-0.531
-0.524
-0.467
-0.481
-0.481
-0.488
-0.553
-0.445
-0.395
-0.567
-0.467
-0.517
-0.445
-0.502
-0.488
-0.481
-0.567
-0.546
-0.481
-0.495
-0.524
-0.567
-0.538
-0.546
-0.474
-0.531
-0.402
-0.474
-0.424
-0.531
-0.546
-0.452
-0.517
-0.574
-0.574
-0.531
-0.538
-0.517
-0.524
-0.445
-0.366
-0.546
-0.538
-0.416
-0.617
-0.502
-0.574
-0.581
-0.510
-0.517
-0.467
-0.502
-0.517
-0.431
-0.488
-0.502
-0.531
-0.553
-0.553
-0.438
-0.495
-0.438
-0.502
-0.517
-0.510
-0.560
-0.474
-0.524
-0.510
-0.474
-0.467
-0.538
-0.474
-0.553
-0.510
-0.488
-0.495
-0.510
-0.481
-0.452
-0.589
-0.524
-0.481
-0.546
-0.495
-0.474
-0.524
-0.445
-0.495
-0.524
-0.524
-0.452
-0.510
-0.524
-0.553
-0.524
-0.567
-0.474
-0.452
-0.438
-0.574
-0.481
-0.488
-0.495
-0.538
-0.531
-0.488
-0.510
-0.459
-0.510
-0.474
-0.402
-0.502
-0.467
-0.467
-0.467
-0.467
-0.560
-0.581
-0.510
-0.495
-0.524
-0.474
-0.531
-0.574
-0.553
-0.517
-0.481
-0.531
-0.488
-0.517
-0.502
-0.546
-0.538
-0.495
-0.495
-0.474
-0.632
-0.467
-0.474
-0.502
-0.531
-0.596
-0.495
-0.574
-0.524
-0.510
-0.488
-0.488
-0.452
-0.553
-0.581
-0.495
-0.510
-0.488
-0.553
-0.388
-0.574
-0.531
-0.538
-0.502
-0.589
-0.474
-0.589
-0.560
-0.610
-0.546
-0.424
-0.567
-0.639
-0.467
-0.524
-0.567
-0.416
-0.538
-0.567
-0.560
-0.510
-0.416
-0.467
-0.538
-0.538
-0.502
-0.510
-0.467
-0.502
-0.524
-0.625
-0.538
-0.495
-0.510
-0.553
-0.574
-0.495
-0.495
-0.546
-0.502
-0.488
-0.495
-0.546
-0.459
-0.495
-0.495
-0.409
-0.510
-0.531
-0.538
-0.510
-0.452
-0.488
-0.567
-0.596
-0.474
-0.531
-0.488
-0.488
-0.546
-0.596
-0.488
-0.560
-0.510
-0.495
-0.467
-0.517
-0.495
-0.452
-0.546
-0.452
-0.488
-0.481
-0.538
-0.531
-0.546
-0.632
-0.553
-0.538
-0.510
-0.538
-0.502
-0.438
-0.445
-0.560
-0.510
-0.517
-0.589
-0.531
-0.625
-0.502
-0.581
-0.538
-0.574
-0.452
-0.560
-0.517
-0.459
-0.445
-0.517
-0.502
-0.560
-0.524
-0.589
-0.502
-0.524
-0.553
-0.517
-0.488
-0.567
-0.502
-0.517
-0.474
-0.567
-0.617
-0.560
-0.531
-0.481
-0.488
-0.546
-0.474
-0.524
-0.603
-0.589
-0.481
-0.553
-0.510
-0.531
-0.553
-0.502
-0.596
-0.495
-0.531
-0.524
-0.553
-0.524
-0.574
-0.546
-0.610
-0.517
-0.524
-0.531
-0.502
-0.495
-0.567
-0.488
-0.517
-0.531
-0.502
-0.538
-0.495
-0.467
-0.581
-0.438
-0.546
-0.517
-0.531
-0.567
-0.431
-0.546
-0.531
-0.538
-0.653
-0.546
-0.524
-0.538
-0.459
-0.546
-0.574
-0.589
-0.589
-0.495
-0.438
-0.538
-0.567
-0.553
-0.632
-0.502
-0.510
-0.581
-0.510
-0.553
-0.553
-0.567
-0.567
-0.510
-0.546
-0.653
-0.632
-0.510
-0.510
-0.574
-0.517
-0.488
-0.567
-0.581
-0.546
-0.560
-0.546
-0.567
-0.531
-0.488
-0.517
-0.581
-0.538
-0.581
-0.481
-0.560
-0.517
-0.560
-0.538
-0.596
-0.481
-0.603
-0.517
-0.553
-0.538
-0.546
-0.510
-0.553
-0.560
-0.581
-0.560
-0.574
-0.495
-0.538
-0.517
-0.538
-0.502
-0.639
-0.589
-0.574
-0.481
-0.567
-0.567
-0.488
-0.510
-0.531
-0.502
-0.431
-0.560
-0.481
-0.488
-0.531
-0.495
-0.488
-0.603
-0.495
-0.581
-0.567
-0.574
-0.488
-0.517
-0.596
-0.481
-0.560
-0.474
-0.574
-0.632
-0.567
-0.567
-0.488
-0.531
-0.610
-0.510
-0.546
-0.560
-0.574
-0.574
-0.553
-0.524
-0.452
-0.574
-0.567
-0.581
-0.517
-0.495
-0.596
-0.510
-0.481
-0.502
-0.567
-0.502
-0.553
-0.589
-0.517
-0.560
-0.560
-0.524
-0.531
-0.495
-0.625
-0.538
-0.546
-0.617
-0.553
-0.581
-0.395
-0.589
-0.617
-0.502
-0.510
-0.467
-0.510
-0.560
-0.524
-0.574
-0.603
-0.531
-0.531
-0.553
-0.481
-0.668
-0.574
-0.495
-0.553
-0.502
-0.581
-0.567
-0.531
-0.646
-0.531
-0.560
-0.424
-0.560
-0.474
-0.553
-0.488
-0.574
-0.517
-0.488
-0.603
-0.603
-0.567
-0.567
-0.596
-0.502
-0.589
-0.546
-0.510
-0.617
-0.603
-0.510
-0.603
-0.445
-0.531
-0.581
-0.567
-0.467
-0.459
-0.546
-0.538
-0.467
-0.546
-0.538
-0.632
-0.546
-0.538
-0.538
-0.660
-0.524
-0.560
-0.502
-0.553
-0.467
-0.517
-0.589
-0.581
-0.538
-0.510
-0.560
-0.596
-0.517
-0.610
-0.546
-0.517
-0.495
-0.589
-0.546
-0.589
-0.610
-0.560
-0.567
-0.625
-0.546
-0.553
-0.531
-0.488
-0.546
-0.560
-0.488
-0.531
-0.538
-0.481
-0.560
-0.531
-0.510
-0.481
-0.610
-0.653
-0.610
-0.531
-0.581
-0.531
-0.589
-0.524
-0.581
-0.488
-0.567
-0.546
-0.560
-0.596
-0.495
-0.538
-0.546
-0.567
-0.596
-0.538
-0.546
-0.538
-0.531
-0.538
-0.653
-0.610
-0.524
-0.538
-0.524
-0.546
-0.452
-0.502
-0.646
-0.531
-0.546
-0.524
-0.610
-0.538
-0.517
-0.546
-0.560
-0.546
-0.567
-0.574
-0.531
-0.531
-0.459
-0.517
-0.574
-0.502
-0.510
-0.553
-0.495
-0.531
-0.589
-0.625
-0.474
-0.538
-0.581
-0.510
-0.653
-0.574
-0.546
-0.589
-0.596
-0.617
-0.524
-0.610
-0.546
-0.553
-0.538
-0.632
-0.517
-0.625
-0.632
-0.438
-0.603
-0.574
-0.581
-0.467
-0.646
-0.531
-0.524
-0.538
-0.517
-0.553
-0.445
-0.474
-0.538
-0.581
-0.524
-0.574
-0.581
-0.553
-0.603
-0.546
-0.553
-0.517
-0.589
-0.481
-0.632
-0.625
-0.524
-0.581
-0.538
-0.589
-0.574
-0.531
-0.510
-0.581
-0.510
-0.438
-0.531
-0.596
-0.581
-0.581
-0.610
-0.625
-0.610
-0.589
-0.538
-0.560
-0.524
-0.488
-0.538
-0.538
-0.596
-0.589
-0.510
-0.567
-0.531
-0.531
-0.567
-0.589
-0.553
-0.560
-0.553
-0.596
-0.617
-0.546
-0.639
-0.653
-0.474
-0.538
-0.431
-0.596
-0.546
-0.625
-0.617
-0.488
-0.596
-0.574
-0.517
-0.574
-0.495
-0.510
-0.625
-0.617
-0.538
-0.625
-0.603
-0.567
-0.510
-0.502
-0.531
-0.567
-0.538
-0.567
-0.567
-0.538
-0.596
-0.610
-0.610
-0.546
-0.546
-0.546
-0.510
-0.488
-0.474
-0.488
-0.567
-0.610
-0.617
-0.538
-0.517
-0.474
-0.488
-0.524
-0.531
-0.639
-0.560
-0.625
-0.567
-0.546
-0.567
-0.531
-0.546
-0.653
-0.538
-0.653
-0.467
-0.596
-0.474
-0.660
-0.581
-0.538
-0.610
-0.560
-0.524
-0.653
-0.617
-0.574
-0.567
-0.596
-0.589
-0.560
-0.625
-0.567
-0.452
-0.510
-0.524
-0.495
-0.589
-0.596
-0.531
-0.531
-0.567
-0.567
-0.646
-0.553
-0.524
-0.553
-0.560
-0.581
-0.495
-0.502
-0.574
-0.596
-0.467
-0.517
-0.668
-0.531
-0.467
-0.538
-0.567
-0.560
-0.531
-0.632
-0.589
-0.553
-0.596
-0.517
-0.589
-0.646
-0.553
-0.603
-0.524
-0.646
-0.589
-0.553
-0.632
-0.574
-0.546
-0.502
-0.610
-0.596
-0.517
-0.639
-0.553
-0.596
-0.546
-0.546
-0.567
-0.553
-0.546
-0.502
-0.596
-0.459
-0.459
-0.574
-0.531
-0.646
-0.546
-0.567
-0.560
-0.560
-0.560
-0.668
-0.682
-0.474
-0.538
-0.502
-0.517
-0.567
-0.610
-0.574
-0.546
-0.610
-0.531
-0.625
-0.538
-0.632
-0.538
-0.560
-0.502
-0.632
-0.538
-0.495
-0.546
-0.632
-0.538
-0.589
-0.510
-0.581
-0.603
-0.510
-0.502
-0.517
-0.510
-0.617
-0.510
-0.682
-0.517
-0.553
-0.488
-0.553
-0.517
-0.596
-0.502
-0.589
-0.474
-0.589
-0.546
-0.510
-0.531
-0.617
-0.531
-0.668
-0.531
-0.603
-0.603
-0.625
-0.632
-0.610
-0.510
-0.574
-0.589
-0.538
-0.531
-0.581
-0.546
-0.560
-0.517
-0.646
-0.589
-0.589
-0.488
-0.481
-0.581
-0.546
-0.517
-0.567
-0.531
-0.653
-0.574
-0.524
-0.632
-0.538
-0.596
-0.510
-0.546
-0.603
-0.581
-0.660
-0.603
-0.632
-0.646
-0.553
-0.553
-0.502
-0.553
-0.553
-0.660
-0.567
-0.603
-0.596
-0.467
-0.574
-0.495
-0.668
-0.481
-0.603
-0.581
-0.617
-0.581
-0.524
-0.574
-0.625
-0.553
-0.510
-0.574
-0.596
-0.574
-0.581
-0.589
-0.589
-0.502
-0.567
-0.589
-0.546
-0.531
-0.553
-0.531
-0.531
-0.610
-0.531
-0.538
-0.589
-0.474
-0.546
-0.589
-0.510
-0.538
-0.625
-0.531
-0.574
-0.574
-0.625
-0.574
-0.610
-0.517
-0.596
-0.560
-0.538
-0.510
-0.560
-0.610
-0.567
-0.632
-0.560
-0.646
-0.553
-0.560
-0.646
-0.574
-0.646
-0.589
-0.517
-0.495
-0.632
-0.560
-0.603
-0.581
-0.502
-0.546
-0.581
-0.639
-0.653
-0.517
-0.538
-0.603
-0.581
-0.589
-0.531
-0.567
-0.603
-0.567
-0.553
-0.610
-0.474
-0.574
-0.675
-0.560
-0.538
-0.589
-0.581
-0.617
-0.553
-0.625
-0.632
-0.531
-0.610
-0.596
-0.675
-0.474
-0.474
-0.538
-0.610
-0.574
-0.617
-0.689
-0.589
-0.574
-0.675
-0.589
-0.603
-0.560
-0.603
-0.445
-0.610
-0.560
-0.581
-0.531
-0.581
-0.531
-0.553
-0.538
-0.553
-0.603
-0.538
-0.531
-0.574
-0.553
-0.610
-0.531
-0.474
-0.567
-0.589
-0.553
-0.567
-0.632
-0.524
-0.596
-0.553
-0.517
-0.495
-0.574
-0.567
-0.517
-0.524
-0.596
-0.574
-0.581
-0.610
-0.610
-0.596
-0.546
-0.445
-0.610
-0.589
-0.546
-0.617
-0.517
-0.610
-0.546
-0.574
-0.567
-0.639
-0.581
-0.639
-0.610
-0.603
-0.581
-0.474
-0.617
-0.682
-0.574
-0.581
-0.560
-0.617
-0.574
-0.610
-0.560
-0.524
-0.560
-0.546
-0.452
-0.524
-0.538
-0.632
-0.560
-0.567
-0.510
-0.517
-0.452
-0.574
-0.646
-0.531
-0.603
-0.488
-0.546
-0.560
-0.589
-0.574
-0.531
-0.589
-0.574
-0.632
-0.538
-0.596
-0.581
-0.603
-0.639
-0.603
-0.524
-0.581
-0.495
-0.574
-0.581
-0.581
-0.560
-0.596
-0.603
-0.531
-0.632
-0.574
-0.524
-0.625
-0.646
-0.617
-0.610
-0.603
-0.668
-0.617
-0.524
-0.546
-0.603
-0.560
-0.625
-0.553
-0.510
-0.495
-0.481
-0.502
-0.581
-0.632
-0.581
-0.567
-0.625
-0.524
-0.668
-0.581
-0.524
-0.524
-0.524
-0.646
-0.610
-0.625
-0.689
-0.567
-0.567
-0.488
-0.596
-0.538
-0.495
-0.560
-0.531
-0.639
-0.524
-0.668
-0.531
-0.546
-0.653
-0.603
-0.510
-0.581
-0.531
-0.725
-0.574
-0.725
-0.567
-0.660
-0.632
-0.538
-0.567
-0.574
-0.474
-0.510
-0.495
-0.488
-0.495
-0.517
-0.596
-0.531
-0.510
-0.646
-0.617
-0.574
-0.567
-0.574
-0.553
-0.510
-0.488
-0.625
-0.560
-0.495
-0.581
-0.617
-0.589
-0.553
-0.596
-0.560
-0.567
-0.589
-0.560
-0.625
-0.668
-0.467
-0.646
-0.596
-0.581
-0.589
-0.589
-0.668
-0.560
-0.617
-0.574
-0.567
-0.524
-0.481
-0.567
-0.538
-0.574
-0.546
-0.668
-0.574
-0.581
-0.574
-0.603
-0.603
-0.581
-0.581
-0.596
-0.682
-0.610
-0.553
-0.589
-0.668
-0.574
-0.675
-0.553
-0.567
-0.553
-0.617
-0.589
-0.668
-0.567
-0.538
-0.610
-0.546
-0.675
-0.589
-0.546
-0.553
-0.617
-0.589
-0.589
-0.596
-0.632
-0.589
-0.553
-0.617
-0.596
-0.581
-0.625
-0.495
-0.660
-0.589
-0.567
-0.567
-0.567
-0.581
-0.574
-0.596
-0.581
-0.531
-0.574
-0.625
-0.546
-0.581
-0.589
-0.596
-0.553
-0.682
-0.567
-0.668
-0.589
-0.610
-0.495
-0.546
-0.668
-0.610
-0.625
-0.639
-0.510
-0.517
-0.524
-0.625
-0.495
-0.660
-0.646
-0.625
-0.581
-0.546
-0.567
-0.524
-0.653
-0.646
-0.567
-0.560
-0.581
-0.596
-0.660
-0.538
-0.574
-0.560
-0.517
-0.617
-0.546
-0.574
-0.639
-0.574
-0.546
-0.574
-0.531
-0.639
-0.660
-0.589
-0.553
-0.459
-0.589
-0.617
-0.617
-0.553
-0.610
-0.502
-0.589
-0.574
-0.560
-0.510
-0.610
-0.596
-0.589
-0.567
-0.675
-0.603
-0.560
-0.625
-0.567
-0.660
-0.581
-0.560
-0.603
-0.610
-0.581
-0.603
-0.574
-0.632
-0.675
-0.668
-0.632
-0.517
-0.517
-0.675
-0.632
-0.660
-0.517
-0.653
-0.538
-0.488
-0.675
-0.653
-0.639
-0.581
-0.646
-0.567
-0.517
-0.531
-0.581
-0.546
-0.581
-0.653
-0.553
-0.546
-0.481
-0.639
-0.574
-0.603
-0.524
-0.574
-0.617
-0.596
-0.589
-0.553
-0.517
-0.603
-0.668
-0.524
-0.639
-0.682
-0.617
-0.517
-0.531
-0.668
-0.617
-0.610
-0.546
-0.632
-0.567
-0.502
-0.495
-0.632
-0.589
-0.488
-0.603
-0.603
-0.589
-0.610
-0.660
-0.502
-0.603
-0.574
-0.653
-0.531
-0.517
-0.581
-0.610
-0.538
-0.589
-0.725
-0.639
-0.524
-0.617
-0.510
-0.632
-0.546
-0.596
-0.689
-0.589
-0.610
-0.567
-0.574
-0.589
-0.574
-0.639
-0.524
-0.596
-0.567
-0.553
-0.596
-0.603
-0.546
-0.711
-0.553
-0.481
-0.668
-0.625
-0.639
-0.538
-0.660
-0.596
-0.596
-0.610
-0.668
-0.517
-0.510
-0.531
-0.495
-0.517
-0.567
-0.517
-0.574
-0.610
-0.625
-0.510
-0.510
-0.517
-0.596
-0.581
-0.502
-0.546
-0.524
-0.596
-0.610
-0.560
-0.567
-0.581
-0.625
-0.632
-0.581
-0.567
-0.660
-0.574
-0.581
-0.610
-0.581
-0.560
-0.574
-0.538
-0.538
-0.560
-0.524
-0.639
-0.625
-0.546
-0.689
-0.668
-0.610
-0.617
-0.560
-0.632
-0.517
-0.589
-0.596
-0.538
-0.603
-0.553
-0.625
-0.567
-0.625
-0.610
-0.538
-0.424
-0.445
-0.359
-0.345
-0.352
-0.431
-0.345
-0.345
-0.373
-0.416
-0.309
-0.366
-0.395
-0.337
-0.323
-0.359
-0.388
-0.309
-0.337
-0.395
-0.251
-0.309
-0.416
-0.316
-0.330
-0.301
-0.359
-0.280
-0.352
-0.337
-0.323
-0.323
-0.337
-0.165
-0.359
-0.309
-0.345
-0.201
-0.316
-0.330
-0.258
-0.266
-0.323
-0.301
-0.266
-0.237
-0.337
-0.345
-0.301
-0.273
-0.237
-0.316
-0.194
-0.280
-0.251
-0.251
-0.301
-0.323
-0.266
-0.244
-0.230
-0.309
-0.316
-0.316
-0.237
-0.330
-0.323
-0.273
-0.230
-0.179
-0.244
-0.316
-0.208
-0.251
-0.215
-0.337
-0.187
-0.251
-0.266
-0.244
-0.287
-0.244
-0.258
-0.223
-0.244
-0.294
-0.251
-0.208
-0.258
-0.258
-0.215
-0.230
-0.215
-0.251
-0.201
-0.280
-0.208
-0.258
-0.223
-0.179
-0.151
-0.194
-0.237
-0.237
-0.165
-0.223
-0.237
-0.223
-0.172
-0.201
-0.108
-0.223
-0.179
-0.179
-0.194
-0.151
-0.223
-0.280
-0.151
-0.179
-0.144
-0.179
-0.172
-0.266
-0.187
-0.201
-0.230
-0.215
-0.244
-0.208
-0.194
-0.194
-0.223
-0.223
-0.201
-0.144
-0.129
-0.223
-0.287
-0.187
-0.115
-0.208
-0.258
-0.251
-0.251
-0.208
-0.158
-0.187
-0.208
-0.179
-0.179
-0.251
-0.237
-0.287
-0.194
-0.223
-0.201
-0.151
-0.230
-0.108
-0.151
-0.072
-0.108
-0.194
-0.237
-0.136
-0.187
-0.158
-0.194
-0.244
-0.251
-0.194
-0.215
-0.108
-0.194
-0.115
-0.144
-0.179
-0.136
-0.122
-0.201
-0.215
-0.179
-0.158
-0.115
-0.108
-0.079
-0.136
-0.151
-0.208
-0.223
-0.093
-0.251
-0.208
-0.072
-0.208
-0.194
-0.108
-0.122
-0.129
-0.165
-0.144
-0.122
-0.079
-0.172
-0.129
-0.172
-0.151
-0.187
-0.194
-0.158
-0.100
-0.108
-0.050
-0.136
-0.115
-0.108
-0.158
-0.172
-0.122
-0.201
-0.144
-0.165
-0.079
-0.144
-0.115
-0.179
-0.187
-0.072
-0.086
-0.129
-0.158
-0.179
-0.108
-0.187
-0.079
-0.208
-0.100
-0.115
-0.129
-0.165
-0.158
-0.100
-0.072
-0.108
-0.215
-0.136
-0.151
-0.158
-0.151
-0.158
-0.100
-0.057
-0.144
-0.115
-0.129
-0.179
-0.129
-0.122
-0.201
-0.093
-0.065
-0.122
-0.122
-0.093
-0.187
-0.072
-0.093
-0.115
-0.086
-0.086
-0.108
-0.072
-0.079
-0.215
-0.057
-0.158
-0.093
-0.136
-0.122
-0.144
-0.093
-0.100
-0.079
-0.022
-0.151
-0.129
-0.022
-0.072
-0.108
-0.122
-0.144
-0.129
-0.086
-0.086
-0.036
-0.057
-0.108
-0.108
-0.072
-0.158
-0.108
-0.108
0.000
-0.201
-0.093
-0.036
-0.086
-0.007
-0.036
-0.115
-0.172
-0.057
-0.043
-0.086
-0.072
-0.057
-0.115
-0.036
-0.136
-0.165
-0.337
-0.036
-0.065
-0.115
-0.122
-0.093
-0.029
0.007
-0.072
-0.065
-0.043
0.007
-0.108
-0.057
-0.072
-0.072
-0.065
-0.086
-0.036
-0.065
-0.043
-0.086
-0.029
-0.086
-0.029
-0.014
-0.108
-0.086
-0.072
-0.057
0.007
-0.065
-0.072
-0.050
-0.036
-0.029
-0.036
-0.029
-0.086
-0.093
-0.029
-0.014
-0.014
-0.050
-0.093
-0.093
-0.072
-0.050
-0.065
-0.029
-0.136
-0.007
0.000
-0.022
-0.036
-0.093
-0.072
-0.086
-0.029
-0.136
0.022
0.029
-0.079
-0.144
-0.086
-0.043
-0.022
-0.086
-0.108
-0.108
-0.136
-0.036
-0.172
-0.093
-0.043
-0.043
-0.057
-0.007
-0.029
-0.043
-0.029
-0.086
-0.108
-0.072
-0.108
0.022
-0.072
-0.172
-0.014
-0.158
-0.100
-0.029
0.014
-0.115
-0.043
-0.108
-0.144
-0.036
-0.136
-0.065
-0.022
-0.136
-0.108
0.000
-0.122
0.000
-0.151
-0.129
-0.022
-0.108
-0.115
-0.043
-0.072
-0.007
-0.136
-0.122
-0.136
-0.014
0.007
-0.115
0.014
-0.043
-0.036
-0.065
-0.086
-0.057
-0.072
-0.036
-0.022
0.007
-0.086
-0.079
0.007
-0.022
-0.115
-0.136
-0.129
-0.014
0.029
-0.072
-0.115
-0.036
-0.065
-0.108
0.022
-0.065
-0.057
-0.022
-0.065
-0.065
-0.022
-0.050
-0.050
-0.057
-0.007
-0.043
-0.057
-0.022
-0.172
-0.050
-0.129
-0.029
-0.079
-0.050
-0.022
-0.029
-0.072
-0.014
-0.014
0.022
0.014
-0.050
0.007
-0.079
-0.014
-0.050
-0.108
-0.072
-0.065
-0.029
-0.022
-0.043
-0.057
-0.079
-0.036
-0.007
-0.022
0.000
-0.050
-0.093
-0.029
-0.022
0.000
-0.079
-0.022
-0.065
-0.079
-0.100
0.022
-0.151
-0.108
-0.050
-0.086
-0.050
-0.086
-0.115
-0.036
-0.136
-0.057
-0.065
-0.043
-0.014
-0.072
-0.029
-0.022
-0.043
0.000
-0.043
0.000
-0.014
0.000
-0.014
0.000
-0.029
-0.086
-0.007
-0.065
-0.014
-0.057
-0.043
-0.036
-0.129
-0.029
0.014
-0.065
0.043
-0.065
-0.072
-0.007
-0.036
-0.043
-0.043
-0.043
0.007
-0.036
-0.036
-0.014
-0.086
0.014
-0.043
-0.072
0.014
-0.036
-0.093
-0.043
-0.007
0.014
-0.065
-0.086
-0.115
0.007
0.022
-0.050
0.022
-0.007
0.000
-0.036
0.029
-0.029
-0.014
-0.029
-0.072
-0.029
-0.007
0.007
0.022
-0.007
0.007
-0.100
-0.036
-0.014
-0.079
-0.022
-0.129
0.000
-0.057
-0.043
0.000
-0.007
-0.072
-0.100
0.029
-0.093
0.007
-0.029
0.007
0.029
-0.050
-0.007
-0.022
-0.122
0.036
-0.086
0.014
-0.022
-0.065
-0.014
0.007
0.000
-0.086
-0.029
0.007
-0.057
-0.014
-0.050
-0.079
-0.014
-0.007
-0.036
0.000
0.014
-0.043
0.022
-0.057
0.007
-0.050
0.029
-0.014
0.000
-0.014
0.022
-0.043
0.000
0.050
-0.022
0.014
0.007
-0.007
-0.079
0.014
0.029
-0.043
-0.079
0.000
0.022
0.000
0.014
-0.072
-0.014
0.014
-0.079
0.000
-0.057
0.000
0.000
-0.022
0.014
-0.043
-0.072
0.000
0.000
0.057
0.022
-0.007
-0.072
-0.014
0.014
0.072
0.022
0.000
0.029
0.029
0.014
-0.022
0.014
-0.029
0.007
0.036
-0.007
-0.029
-0.022
-0.043
0.000
0.000
0.000
-0.029
0.007
0.022
0.036
0.000
0.036
-0.022
0.057
-0.007
0.000
0.014
0.007
-0.022
0.043
-0.007
-0.014
0.007
-0.036
-0.036
-0.086
-0.057
-0.014
0.029
-0.014
-0.050
0.022
0.022
0.014
0.000
0.022
-0.007
-0.007
0.014
0.007
0.029
-0.022
-0.050
-0.057
-0.050
-0.007
-0.043
0.029
0.007
0.057
-0.022
0.000
-0.079
0.007
-0.100
0.007
0.000
0.000
0.000
-0.022
0.057
-0.043
-0.014
-0.007
0.022
0.029
0.007
0.007
0.000
-0.079
0.000
-0.007
0.014
0.022
-0.022
0.050
-0.057
-0.007
-0.057
-0.050
0.022
0.029
0.000
-0.007
0.036
-0.043
-0.050
0.057
-0.079
-0.029
0.036
-0.007
-0.014
-0.050
-0.014
0.036
0.029
-0.022
0.007
-0.007
0.022
0.000
0.014
-0.022
-0.014
-0.029
-0.014
0.000
0.029
0.022
0.022
-0.014
-0.036
0.022
-0.050
-0.043
-0.029
-0.079
0.000
0.029
-0.014
0.014
0.029
0.029
0.000
0.022
0.065
-0.043
-0.036
0.014
0.000
0.029
0.029
0.072
-0.093
-0.072
-0.029
-0.029
0.022
0.014
0.022
0.007
0.022
0.007
0.000
0.036
0.007
0.043
0.029
0.000
0.007
-0.014
0.007
0.014
0.029
0.022
0.007
0.014
0.029
-0.014
0.007
0.007
0.000
0.036
0.036
0.043
-0.057
0.000
0.014
-0.014
-0.014
0.022
0.036
0.022
0.014
0.029
-0.036
0.000
0.022
-0.022
-0.036
0.029
0.000
0.022
0.007
0.036
-0.029
-0.022
0.029
0.000
0.029
0.043
0.007
0.007
-0.050
0.029
0.007
-0.007
0.014
-0.050
0.036
0.000
-0.086
-0.007
0.022
0.036
0.000
0.000
0.065
0.036
0.036
0.029
0.022
-0.014
0.029
0.014
-0.014
-0.007
0.043
0.022
0.029
0.029
0.036
0.014
0.029
0.057
-0.014
0.000
-0.050
0.014
0.000
0.029
0.036
0.000
0.036
0.029
0.000
-0.022
0.043
0.007
0.057
0.014
0.043
-0.029
-0.079
0.007
-0.029
-0.014
0.022
0.022
0.065
0.050
0.029
0.000
0.050
0.007
0.043
0.000
-0.036
0.057
0.079
0.022
0.036
0.043
0.036
0.029
0.007
0.029
0.014
-0.007
0.022
0.000
0.036
0.029
0.014
-0.014
0.029
0.022
-0.007
0.029
-0.036
0.029
0.000
0.000
-0.022
0.007
0.000
-0.014
0.007
0.000
0.014
0.000
0.022
-0.158
0.000
0.022
0.029
0.029
0.000
0.050
-0.022
-0.014
0.014
0.029
0.022
0.029
0.036
-0.022
-0.029
0.036
0.014
0.050
0.029
0.014
0.029
-0.022
0.022
0.014
0.007
-0.007
0.029
0.014
0.000
0.036
0.043
0.007
0.007
-0.014
0.043
-0.036
-0.007
-0.014
-0.036
0.065
-0.057
-0.022
0.007
0.022
-0.057
-0.043
0.036
0.072
0.036
0.057
0.014
0.022
-0.029
0.022
0.014
0.129
0.014
0.014
0.079
0.036
0.014
-0.014
0.014
0.036
0.014
0.029
0.029
0.000
0.036
0.043
0.022
0.029
0.029
-0.115
0.043
0.043
-0.007
0.065
0.014
0.000
0.007
0.007
0.000
0.014
-0.022
0.029
0.000
0.022
-0.022
0.057
0.065
0.029
-0.007
0.029
0.029
0.029
-0.007
-0.079
-0.043
0.050
0.029
0.014
0.036
-0.036
0.043
0.000
-0.022
0.043
0.029
0.036
0.057
0.000
0.007
0.029
0.022
-0.007
0.014
0.029
0.014
0.000
0.007
0.029
0.014
0.007
-0.014
0.000
0.043
0.022
0.029
0.022
0.022
0.000
0.029
0.043
0.036
0.007
0.043
0.036
0.072
0.029
-0.007
-0.043
0.014
0.022
0.022
0.014
0.022
-0.022
0.022
0.029
-0.007
0.050
0.014
0.029
0.000
0.022
-0.022
0.072
0.029
0.022
0.100
0.029
0.050
0.043
0.043
0.007
0.029
0.007
0.014
-0.022
0.014
0.022
0.014
0.029
0.014
0.036
0.029
0.014
0.022
0.007
0.072
0.014
-0.022
0.036
0.022
0.043
0.036
0.057
0.014
0.000
0.072
0.029
0.057
0.072
0.014
0.065
0.014
0.014
0.065
0.043
0.022
0.050
0.000
0.022
0.014
-0.029
-0.036
0.029
0.057
0.000
-0.029
0.022
-0.043
-0.029
0.022
0.050
0.043
0.029
0.050
0.065
0.036
0.014
-0.007
0.079
0.057
0.043
0.022
0.000
0.007
0.014
0.022
0.043
-0.029
0.050
0.057
0.014
0.029
0.043
0.050
0.000
0.043
0.022
0.036
-0.014
0.043
0.014
0.000
0.036
0.029
-0.007
0.065
0.086
0.014
0.079
0.029
0.029
-0.007
0.043
0.043
0.007
0.036
-0.022
0.036
0.043
0.057
0.036
0.065
0.014
0.029
0.014
0.022
-0.014
0.029
0.057
0.029
0.000
-0.014
0.029
0.050
0.029
0.100
0.007
0.000
0.007
0.007
0.007
0.029
0.036
0.043
0.014
0.057
0.079
0.014
0.000
0.022
0.050
0.029
0.000
0.007
0.000
0.057
0.022
0.029
-0.007
0.022
0.022
0.022
0.029
0.029
0.108
0.036
0.079
0.014
0.050
0.029
0.029
0.022
0.029
0.043
0.022
0.065
0.043
0.065
0.000
-0.036
0.065
0.065
0.029
0.036
-0.007
0.014
0.029
0.072
0.079
0.036
0.043
-0.029
0.036
0.000
0.014
0.043
0.057
0.022
0.043
0.036
0.022
0.029
0.000
0.029
0.007
0.029
0.079
0.072
0.029
0.108
0.100
0.022
0.050
0.043
0.036
0.029
0.014
0.014
-0.007
0.036
0.022
0.072
0.029
0.022
0.057
0.057
0.036
0.014
0.022
0.022
0.050
0.036
0.029
0.036
0.022
0.029
0.057
0.036
0.029
-0.007
0.007
0.029
0.022
0.086
0.007
0.007
0.029
-0.007
0.093
0.014
0.022
0.036
0.014
0.065
0.036
0.043
-0.036
0.007
0.043
0.086
0.022
0.065
0.007
0.022
0.029
0.022
0.014
0.022
0.072
0.022
0.036
0.036
0.043
0.057
0.000
0.007
0.014
0.108
0.029
0.057
0.022
0.022
0.029
-0.014
0.022
0.029
0.014
0.022
0.022
0.036
0.036
0.065
0.043
0.000
-0.014
0.014
0.065
0.029
0.022
0.007
0.072
0.029
0.065
0.065
0.050
0.022
0.014
0.043
0.014
0.079
0.022
-0.007
0.029
0.043
0.036
0.022
0.022
0.022
-0.043
0.057
0.029
0.029
0.036
0.036
0.036
0.057
0.029
0.036
0.029
0.029
0.050
0.036
0.043
0.043
0.036
0.029
0.043
0.043
-0.029
0.000
0.072
0.065
0.122
0.022
0.029
0.029
0.043
0.014
0.036
0.014
-0.007
0.022
0.029
0.050
0.036
0.007
0.029
0.036
-0.022
0.043
0.007
0.000
0.029
0.036
-0.014
0.029
0.065
0.036
0.014
0.014
0.014
0.022
0.050
0.029
0.115
0.029
0.093
0.043
0.043
0.036
0.022
0.029
0.036
0.014
0.022
0.014
0.029
0.029
0.036
0.050
0.014
0.014
0.036
0.029
0.050
0.029
0.007
0.014
0.065
0.050
0.065
0.029
0.022
0.022
0.022
0.036
0.022
0.022
0.057
0.036
0.022
0.100
0.108
0.043
0.022
0.086
0.022
-0.057
0.057
0.043
0.043
0.079
0.072
0.036
0.043
-0.007
0.014
0.014
0.014
0.057
0.043
0.029
0.057
0.093
0.057
0.029
0.036
0.036
0.050
0.057
0.100
0.014
0.057
0.057
0.122
0.050
0.072
0.014
0.072
0.065
0.022
0.007
0.050
0.014
0.022
0.014
0.036
0.029
0.065
0.050
0.036
0.014
-0.007
0.014
0.000
0.036
0.029
0.050
0.036
0.022
0.007
0.007
0.022
0.029
-0.007
0.022
0.043
0.022
0.179
0.022
0.057
0.072
0.050
0.029
0.036
0.000
0.043
0.000
0.022
0.036
0.072
0.043
0.022
0.072
0.036
0.093
0.000
0.029
0.014
0.036
0.057
0.093
0.036
0.093
0.000
0.086
0.050
-0.043
-0.050
0.093
0.050
0.014
0.050
0.022
-0.086
0.086
0.057
0.079
0.022
0.065
0.079
0.029
0.057
0.115
0.050
0.007
0.050
0.036
0.022
0.057
0.014
0.086
0.029
0.014
0.036
0.022
0.043
0.029
0.043
0.007
0.036
0.022
0.043
0.100
0.057
0.036
-0.007
0.029
0.000
0.036
0.079
0.072
0.036
0.086
0.043
0.036
0.043
0.050
0.014
0.050
0.065
0.136
0.029
0.065
0.079
0.100
0.079
0.022
0.050
0.050
0.065
0.029
0.014
0.029
0.050
0.029
0.079
0.043
0.043
0.079
0.022
-0.036
0.079
0.029
0.022
0.057
0.043
0.029
0.029
0.029
0.057
0.000
0.029
0.036
0.029
0.043
0.036
0.072
0.093
0.029
0.022
0.007
0.022
0.029
0.043
0.036
0.100
0.043
0.057
0.029
0.108
0.022
0.022
0.050
0.079
0.057
0.108
0.029
0.050
0.065
0.043
0.100
0.014
0.029
0.022
0.043
0.079
0.036
0.022
0.036
0.036
0.050
0.043
0.086
0.007
0.050
0.007
0.072
0.079
0.043
0.036
0.050
-0.007
0.029
0.036
0.072
0.014
0.036
0.014
0.050
0.050
0.072
0.093
0.029
0.029
0.065
0.007
-0.007
0.079
0.072
0.022
0.043
0.022
0.093
0.036
0.057
0.072
0.065
0.086
0.007
0.029
0.079
0.036
0.043
0.050
0.036
0.057
0.022
0.036
0.050
0.029
0.036
0.029
0.065
0.022
0.086
0.043
0.072
0.022
0.043
0.043
0.029
0.014
0.014
0.007
0.029
0.029
0.029
0.043
0.108
0.043
0.022
-0.007
0.079
0.065
0.057
0.108
0.065
0.050
0.079
0.014
0.115
0.050
0.079
0.000
0.029
0.029
0.036
0.022
0.050
0.029
0.036
0.036
0.007
0.029
0.043
0.043
0.036
0.072
0.065
0.079
0.065
0.043
0.029
0.086
0.007
0.079
-0.014
0.014
0.093
0.000
0.050
0.022
0.057
0.036
0.043
0.043
0.050
0.029
0.029
0.079
0.115
0.007
0.036
0.072
0.122
0.072
0.022
0.057
0.065
0.036
0.043
0.036
0.029
0.065
0.014
0.057
0.029
0.057
0.086
-0.014
0.022
0.050
0.065
0.014
0.036
0.050
0.050
0.029
0.057
0.014
0.086
0.057
0.014
0.000
0.029
0.036
-0.007
0.079
0.029
0.086
0.065
0.043
0.065
0.043
0.065
0.050
0.086
0.043
0.093
0.072
0.079
0.043
0.086
0.122
0.079
0.079
0.050
0.043
0.050
0.000
0.057
0.014
0.036
0.029
0.057
0.115
0.050
0.057
0.022
0.022
0.086
0.022
0.065
0.029
0.072
0.029
0.072
0.000
0.043
0.065
0.057
0.165
0.057
0.036
0.057
0.022
0.029
0.065
0.029
0.050
0.022
0.079
0.022
0.036
0.014
0.086
0.043
0.043
0.036
0.093
0.014
0.057
0.029
0.115
0.079
0.029
0.050
0.029
0.093
0.108
0.122
0.029
0.057
0.065
0.000
0.014
0.022
0.072
0.050
0.022
0.136
0.043
0.029
0.043
0.022
0.050
0.043
0.022
0.036
-0.022
0.108
0.014
0.029
0.022
0.065
0.108
0.029
0.029
0.014
0.043
0.057
0.057
0.043
0.100
0.050
0.029
0.086
0.036
0.086
0.057
0.050
0.036
0.036
0.029
0.014
0.072
0.050
0.036
0.043
0.050
0.079
0.036
0.043
0.022
0.043
0.036
0.029
0.029
0.093
0.043
0.065
0.029
0.043
0.029
0.086
0.050
0.079
0.086
0.022
0.043
0.072
0.050
0.043
0.086
0.050
0.036
0.093
0.029
0.065
0.086
0.022
0.079
0.050
0.036
0.050
0.072
0.036
0.036
0.065
0.029
0.065
0.043
0.065
0.036
0.029
0.057
0.022
0.072
0.029
0.136
0.065
0.022
0.122
0.072
0.108
0.022
0.000
0.043
0.100
0.022
0.050
0.036
0.036
0.072
0.093
0.022
0.014
0.036
0.043
0.043
0.029
0.144
0.072
0.287
0.036
0.036
0.007
0.086
0.079
0.057
0.100
0.057
0.036
0.079
-0.022
0.036
0.108
0.043
0.036
0.022
0.014
0.007
0.014
0.072
0.043
0.057
0.036
0.029
0.057
0.007
0.100
0.065
0.036
0.057
0.144
0.022
0.036
0.022
0.014
0.065
0.065
0.165
0.129
0.036
0.029
0.022
0.043
0.086
0.036
0.057
0.065
0.036
0.043
0.057
0.036
0.043
0.036
0.057
0.043
0.086
0.036
0.007
0.057
0.086
0.022
0.029
0.036
0.036
0.022
0.022
0.065
0.043
0.050
0.036
0.050
0.036
0.043
0.022
0.036
0.115
0.065
0.057
0.065
0.050
0.057
0.029
0.029
0.007
0.122
0.036
0.029
0.093
0.000
0.014
0.065
0.050
0.043
0.022
0.029
0.057
0.079
0.072
0.029
0.129
0.086
0.043
0.100
0.050
0.086
0.065
0.057
0.057
0.129
0.043
0.057
0.029
-0.007
0.057
0.000
0.079
0.079
0.022
0.043
0.057
0.086
0.050
0.007
0.043
0.065
0.050
0.057
0.036
0.029
0.022
0.022
0.086
0.050
-0.014
0.029
0.108
0.029
0.057
0.022
0.065
0.022
0.057
0.065
0.036
0.079
-0.007
0.014
0.043
0.036
0.043
0.022
0.014
0.050
0.093
0.086
0.029
0.065
0.079
0.050
0.115
0.029
0.050
0.036
0.000
0.050
0.022
0.029
0.050
0.065
0.072
0.050
0.014
0.043
0.036
0.079
0.029
0.043
0.007
0.029
0.036
0.065
0.007
0.065
0.022
0.029
0.036
0.036
0.086
0.065
0.072
0.050
0.086
0.036
0.057
0.022
0.043
0.086
0.057
0.065
0.115
0.007
0.050
0.093
0.115
0.057
0.007
0.043
0.029
0.065
0.022
0.165
0.093
0.072
0.065
0.036
0.029
0.100
0.022
0.022
0.065
0.057
0.050
0.115
0.050
0.065
0.057
0.050
-0.029
0.043
0.029
0.036
0.036
0.065
0.057
0.086
0.029
1.443
1.507
1.522
1.486
1.507
1.522
1.536
1.493
1.536
1.500
1.558
1.551
1.565
1.515
1.529
1.536
1.529
1.586
1.579
1.515
1.565
1.522
1.565
1.493
1.594
1.507
1.529
1.515
1.515
1.507
1.536
1.572
1.493
1.486
1.522
1.551
1.601
1.486
1.558
1.601
1.493
1.507
1.644
1.630
1.536
1.543
1.551
1.565
1.529
1.543
1.680
1.486
1.572
1.543
1.515
1.500
1.515
1.644
1.507
1.536
1.507
1.565
1.586
1.522
1.543
1.493
1.630
1.572
1.515
1.579
1.622
1.601
1.579
1.551
1.608
1.486
1.551
1.586
1.551
1.507
1.515
1.809
1.551
1.565
1.500
1.572
1.601
1.522
1.529
1.601
1.572
1.601
1.536
1.594
1.543
1.565
1.579
1.608
1.586
1.579
1.594
1.586
1.551
1.586
1.551
1.551
1.622
1.565
1.536
1.572
1.522
1.572
1.515
1.579
1.586
1.594
1.586
1.594
1.515
1.673
1.543
1.536
1.529
1.586
1.515
1.565
1.551
1.637
1.543
1.565
1.529
1.644
1.579
1.615
1.551
1.543
1.572
1.565
1.507
1.601
1.579
1.522
1.694
1.536
1.594
1.586
1.551
1.579
1.565
1.515
1.579
1.543
1.579
1.572
1.522
1.608
1.551
1.507
1.630
1.551
1.637
1.644
1.536
1.644
1.543
1.515
1.615
1.637
1.586
1.644
1.551
1.644
1.773
1.637
1.507
1.579
1.586
1.536
1.551
1.551
1.579
1.752
1.601
1.622
1.536
1.551
1.522
1.630
1.551
1.558
1.529
1.586
1.586
1.601
1.680
1.551
1.543
1.615
1.543
1.579
1.630
1.594
1.572
1.579
1.536
1.522
1.630
1.543
1.551
1.572
1.630
1.586
1.630
1.608
1.565
1.543
1.515
1.586
1.637
1.529
1.579
1.644
1.572
1.586
1.630
1.558
1.608
1.594
1.608
1.572
1.651
1.615
1.637
1.601
1.579
1.673
1.673
1.608
1.630
1.572
1.637
1.572
1.608
1.615
1.665
1.608
1.586
1.586
1.637
1.601
1.565
1.579
1.551
1.658
1.536
1.651
1.622
1.673
1.586
1.637
1.630
1.608
1.507
1.572
1.637
1.694
1.543
1.630
1.673
1.586
1.594
1.601
1.579
1.637
1.565
1.701
1.680
1.687
1.594
1.536
1.622
1.586
1.529
1.586
1.551
1.665
1.644
1.644
1.565
1.601
1.665
1.579
1.680
1.594
1.594
1.673
1.551
1.608
1.701
1.665
1.651
1.551
1.543
1.622
1.543
1.601
1.579
1.608
1.637
1.644
1.665
1.615
1.558
1.644
1.579
1.644
1.522
1.579
1.673
1.651
1.622
1.594
1.622
1.579
1.586
1.601
1.551
1.579
1.723
1.586
1.601
1.687
1.558
1.651
1.658
1.536
1.586
1.622
1.536
1.622
1.608
1.572
1.594
1.694
1.687
1.637
1.608
1.622
1.615
1.644
1.608
1.565
1.680
1.651
1.630
1.558
1.615
1.651
1.565
1.586
1.708
1.551
1.723
1.586
1.658
1.687
1.615
1.694
1.651
1.507
1.594
1.622
1.529
1.651
1.615
1.608
1.644
1.594
1.673
1.572
1.493
1.680
1.701
1.780
1.615
1.572
1.608
1.637
1.644
1.644
1.615
1.601
1.658
1.673
1.594
1.594
1.630
1.579
1.579
1.622
1.615
1.551
1.644
1.615
1.565
1.651
1.630
1.608
1.543
1.586
1.565
1.701
1.615
1.608
1.500
1.572
1.572
1.680
1.708
1.608
1.601
1.551
1.572
1.644
1.651
1.637
1.658
1.551
1.687
1.579
1.536
1.565
1.572
1.630
1.586
1.637
1.658
1.594
1.486
1.701
1.622
1.601
1.622
1.737
1.658
1.630
1.579
1.507
1.658
1.694
1.630
1.665
1.551
1.572
1.622
1.658
1.630
1.601
1.615
1.644
1.601
1.651
1.716
1.622
1.658
1.651
1.665
1.565
1.608
1.622
1.637
1.601
1.680
1.558
1.673
1.680
1.608
1.665
1.665
1.594
1.759
1.637
1.716
1.665
1.536
1.608
1.687
1.694
1.594
1.802
1.687
1.658
1.701
1.622
1.701
1.536
1.651
1.708
1.608
1.687
1.658
1.694
1.572
1.673
1.644
1.622
1.630
1.637
1.608
1.680
1.586
1.744
1.687
1.572
1.637
1.622
1.586
1.622
1.637
1.673
1.622
1.608
1.565
1.665
1.665
1.572
1.687
1.637
1.601
1.579
1.594
1.622
1.601
1.637
1.651
1.615
1.594
1.630
1.644
1.665
1.558
1.680
1.701
1.644
1.651
1.608
1.651
1.637
1.694
1.529
1.579
1.637
1.744
1.673
1.665
1.737
1.536
1.701
1.665
1.615
1.680
1.615
1.637
1.665
1.658
1.665
1.565
1.644
1.644
1.744
1.687
1.730
1.687
1.680
1.687
1.637
1.615
1.637
1.737
1.630
1.716
1.630
1.594
1.687
1.644
1.586
1.665
1.723
1.615
1.730
1.708
1.701
1.701
1.665
1.680
1.673
1.601
1.637
1.637
1.658
1.673
1.665
1.737
1.766
1.665
1.694
1.651
1.608
1.658
1.730
1.579
1.608
1.673
1.644
1.644
1.551
1.558
1.586
1.716
1.608
1.615
1.644
1.579
1.551
1.601
1.637
1.701
1.551
1.622
1.572
1.665
1.637
1.651
1.658
1.579
1.579
1.658
1.665
1.658
1.708
1.673
1.708
1.665
1.687
1.637
1.644
1.651
1.586
1.565
1.658
1.673
1.644
1.637
1.687
1.644
1.572
1.644
1.694
1.579
1.658
1.637
1.730
1.651
1.673
1.637
1.658
1.694
1.558
1.658
1.651
1.572
1.594
1.630
1.680
1.637
1.630
1.716
1.723
1.644
1.630
1.658
1.723
1.637
1.630
1.615
1.716
1.608
1.630
1.658
1.651
1.601
1.680
1.744
1.644
1.630
1.752
1.673
1.658
1.716
1.644
1.730
1.594
1.622
1.687
1.615
1.558
1.637
1.687
1.651
1.651
1.723
1.744
1.644
1.637
1.644
1.701
1.651
1.630
1.644
1.630
1.680
1.543
1.622
1.701
1.608
1.615
1.637
1.687
1.708
1.687
1.630
1.658
1.680
1.665
1.601
1.658
1.644
1.708
1.680
1.673
1.680
1.644
1.615
1.651
1.687
1.644
1.694
1.730
1.752
1.658
1.673
1.687
1.708
1.708
1.615
1.644
1.680
1.752
1.701
1.601
1.708
1.637
1.687
1.730
1.701
1.694
1.594
1.716
1.708
1.622
1.694
1.701
1.680
1.651
1.694
1.601
1.766
1.687
1.708
1.637
1.694
1.694
1.658
1.708
1.644
1.723
1.637
1.644
1.630
1.701
1.651
1.787
1.565
1.723
1.823
1.759
1.615
1.680
1.694
1.579
1.694
1.630
1.665
1.665
1.816
1.766
1.723
1.608
1.723
1.701
1.716
1.701
1.594
1.708
1.687
1.687
1.737
1.565
1.558
1.680
1.744
1.673
1.637
1.630
1.701
1.716
1.737
1.630
1.637
1.579
1.716
1.680
1.651
1.630
1.680
1.694
1.680
1.694
1.658
1.673
1.608
1.622
1.658
1.701
1.658
1.622
1.586
1.701
1.665
1.630
1.687
1.809
1.665
1.730
1.680
1.687
1.665
1.644
1.773
1.658
1.737
1.601
1.608
1.687
1.658
1.644
1.723
1.701
1.615
1.701
1.723
1.665
1.673
1.572
1.730
1.723
1.744
1.744
1.658
1.680
1.665
1.673
1.716
1.708
1.658
1.673
1.737
1.651
1.708
1.644
1.651
1.565
1.708
1.658
1.579
1.651
1.680
1.708
1.644
1.644
1.644
1.701
1.665
1.665
1.637
1.723
1.766
1.680
1.651
1.708
1.500
1.572
1.680
1.651
1.773
1.780
1.637
1.565
1.665
1.759
1.651
1.644
1.615
1.802
1.723
1.759
1.680
1.665
1.615
1.608
1.744
1.665
1.637
1.665
1.651
1.716
1.701
1.658
1.586
1.680
1.694
1.608
1.673
1.687
1.615
1.673
1.579
1.708
1.630
1.680
1.723
1.708
1.622
1.701
1.787
1.716
1.565
1.708
1.723
1.658
1.780
1.651
1.622
1.730
1.773
1.644
1.673
1.708
1.694
1.622
1.752
1.601
1.694
1.586
1.651
1.680
1.673
1.744
1.615
1.673
1.665
1.658
1.708
1.579
1.515
1.665
1.658
1.644
1.723
1.687
1.673
1.730
1.651
1.673
1.673
1.780
1.637
1.708
1.586
1.708
1.766
1.651
1.694
1.723
1.701
1.673
1.637
1.694
1.759
1.615
1.687
1.737
1.687
1.665
1.630
1.651
1.708
1.723
1.730
1.586
1.737
1.737
1.651
1.680
1.701
1.773
1.637
1.773
1.823
1.507
1.608
1.673
1.680
1.608
1.637
1.694
1.701
1.680
1.737
1.687
1.665
1.752
1.773
1.687
1.680
1.651
1.852
1.780
1.673
1.701
1.730
1.658
1.680
1.565
1.708
1.730
1.766
1.744
1.665
1.630
1.558
1.673
1.716
1.586
1.630
1.694
1.558
1.630
1.658
1.622
1.687
1.687
1.737
1.723
1.572
1.673
1.687
1.673
1.730
1.701
1.644
1.752
1.730
1.680
1.730
1.500
1.637
1.737
1.658
1.644
1.723
1.644
1.630
1.608
1.608
1.737
1.658
1.701
1.737
1.615
1.759
1.601
1.723
1.737
1.737
1.601
1.644
1.658
1.680
1.744
1.658
1.744
1.730
1.637
1.701
1.744
1.759
1.708
1.737
1.579
1.658
1.551
1.687
1.716
1.644
1.694
1.644
1.744
1.644
1.601
1.594
1.687
1.651
1.658
1.716
1.716
1.637
1.665
1.759
1.795
1.630
1.694
1.665
1.759
1.694
1.680
1.737
1.787
1.594
1.708
1.658
1.637
1.744
1.701
1.673
1.615
1.701
1.752
1.773
1.687
1.579
1.673
1.579
1.708
1.708
1.723
1.594
1.651
1.694
1.716
1.773
1.644
1.651
1.644
1.737
1.558
1.673
1.673
1.658
1.673
1.673
1.665
1.694
1.630
1.644
1.759
1.759
1.737
1.759
1.787
1.752
1.665
1.694
1.708
1.644
1.708
1.579
1.665
1.680
1.630
1.752
1.673
1.630
1.615
1.780
1.680
1.651
1.586
1.759
1.687
1.673
1.680
1.708
1.701
1.773
1.708
1.708
1.665
1.651
1.651
1.809
1.673
1.630
1.687
1.716
1.701
1.708
1.687
1.780
1.558
1.723
1.701
1.766
1.673
1.594
1.694
1.615
1.701
1.680
1.708
1.780
1.737
1.708
1.680
1.759
1.630
1.737
1.651
1.680
1.759
1.630
1.665
1.687
1.658
1.637
1.701
1.658
1.673
1.644
1.644
1.730
1.787
1.665
1.658
1.630
1.795
1.680
1.723
1.723
1.543
1.658
1.630
1.752
1.737
1.673
1.716
1.665
1.723
1.680
1.687
1.701
1.637
1.723
1.737
1.687
1.680
1.716
1.644
1.773
1.637
1.766
1.680
1.737
1.694
1.723
1.708
1.723
1.673
1.716
1.809
1.680
1.687
1.601
1.723
1.730
1.622
1.630
1.665
1.744
1.601
1.572
1.608
1.780
1.701
1.708
1.787
1.630
1.766
1.701
1.730
1.723
1.658
1.795
1.737
1.716
1.680
1.665
1.622
1.651
1.730
1.701
1.744
1.723
1.658
1.744
1.737
1.630
1.716
1.730
1.651
1.787
1.594
1.658
1.773
1.744
1.708
1.680
1.737
1.780
1.773
1.708
1.708
1.673
1.716
1.680
1.687
1.708
1.543
1.665
1.752
1.651
1.737
1.658
1.744
1.802
1.701
1.680
1.716
1.694
1.680
1.701
1.644
1.680
1.687
1.687
1.759
1.744
1.673
1.665
1.723
1.723
1.708
1.766
1.637
1.723
1.716
1.723
1.766
1.680
1.701
1.673
1.701
1.701
1.701
1.622
1.795
1.680
1.730
1.658
1.694
1.752
1.694
1.694
1.622
1.630
1.694
1.730
1.687
1.744
1.766
1.723
1.680
1.787
1.651
1.687
1.708
1.787
1.773
1.651
1.744
1.658
1.658
1.665
1.716
1.730
1.737
1.773
1.759
1.701
1.723
1.680
1.694
1.680
1.737
1.665
1.759
1.658
1.644
1.644
1.673
1.694
1.673
1.744
1.737
1.658
1.658
1.752
1.601
1.687
1.694
1.658
1.730
1.630
1.701
1.737
1.701
1.644
1.608
1.694
1.816
1.701
1.701
1.716
1.651
1.802
1.658
1.716
1.716
1.694
1.665
1.716
1.802
1.716
1.687
1.759
1.759
1.780
1.665
1.773
1.708
1.795
1.723
1.759
1.673
1.737
1.744
1.730
1.680
1.766
1.651
1.759
1.651
1.680
1.658
1.708
1.680
1.658
1.680
1.730
1.737
1.579
1.795
1.816
1.680
1.723
1.716
1.665
1.694
1.744
1.673
1.773
1.708
1.759
1.737
1.780
1.694
1.730
1.831
1.780
1.665
1.665
1.737
1.708
1.687
1.759
1.838
1.723
1.809
1.644
1.673
1.730
1.622
1.752
1.658
1.579
1.737
1.723
1.802
1.673
1.658
1.708
1.708
1.680
1.716
1.701
1.730
1.759
1.694
1.766
1.716
1.708
1.744
1.759
1.737
1.766
1.816
1.716
1.701
1.716
1.630
1.716
1.694
1.687
1.773
1.773
1.744
1.716
1.708
1.701
1.694
1.809
1.787
1.644
1.701
1.687
1.838
1.701
1.716
1.673
1.687
1.622
1.716
1.744
1.680
1.701
1.795
1.744
1.651
1.644
1.773
1.708
1.708
1.795
1.795
1.730
1.694
1.737
1.795
1.708
1.744
1.766
1.673
1.816
1.744
1.716
1.737
1.665
1.737
1.716
1.730
1.816
1.680
1.773
1.708
1.802
1.651
1.708
1.665
1.744
1.716
1.787
1.752
1.816
1.773
1.644
1.787
1.759
1.708
1.802
1.737
1.723
1.658
1.730
1.708
1.730
1.716
1.730
1.694
1.795
1.680
1.673
1.694
1.752
1.658
1.615
1.716
1.637
1.766
1.766
1.558
1.680
1.773
1.759
1.845
1.615
1.608
1.701
1.766
1.673
1.730
1.701
1.787
1.737
1.708
1.716
1.744
1.752
1.716
1.773
1.723
1.759
1.744
1.744
1.716
1.752
1.780
1.752
1.744
1.701
1.773
1.644
1.694
1.787
1.737
1.637
1.716
1.737
1.773
1.730
1.766
1.845
1.737
1.680
1.737
1.795
1.594
1.701
1.773
1.737
1.730
1.630
1.708
1.665
1.687
1.608
1.708
1.752
1.723
1.673
1.658
1.673
1.644
1.680
1.780
1.701
1.701
1.644
1.802
1.651
1.730
1.687
1.802
1.694
1.780
1.752
1.730
1.773
1.723
1.730
1.780
1.773
1.759
1.644
1.716
1.630
1.694
1.752
1.802
1.759
1.673
1.823
1.658
1.780
1.651
1.773
1.737
1.816
1.694
1.759
1.752
1.665
1.716
1.730
1.744
1.658
1.665
1.716
1.759
1.716
1.665
1.823
1.744
1.680
1.694
1.730
1.759
1.730
1.716
1.773
1.694
1.716
1.673
1.752
1.752
1.737
1.665
1.759
1.687
1.658
1.716
1.795
1.694
1.708
1.716
1.701
1.708
1.752
1.787
1.787
1.658
1.694
1.622
1.644
1.730
1.680
1.831
1.716
1.644
1.694
1.744
1.701
1.737
1.752
1.701
1.852
1.687
1.795
1.737
1.730
1.651
1.744
1.795
1.687
1.687
1.701
1.723
1.730
1.644
1.716
1.780
1.694
1.716
1.730
1.730
1.773
1.723
1.716
1.687
1.708
1.701
1.737
1.780
1.630
1.773
1.780
1.680
1.716
1.594
1.752
1.759
1.744
1.687
1.730
1.716
1.687
1.809
1.708
1.723
1.759
1.665
1.773
1.651
1.730
1.759
1.759
1.687
1.744
1.708
1.716
1.723
1.744
1.759
1.730
1.752
1.773
1.723
1.809
1.665
1.766
1.622
1.716
1.744
1.723
1.730
1.744
1.708
1.823
1.744
1.701
1.737
1.737
1.737
1.823
1.744
1.658
1.651
1.730
1.744
1.737
1.651
1.730
1.773
1.730
1.845
1.701
1.730
1.752
1.694
1.759
1.701
1.716
1.716
1.694
1.831
1.694
1.773
1.723
1.730
1.644
1.752
1.773
1.752
1.694
1.694
1.752
1.780
1.773
1.673
1.773
1.730
1.687
1.687
1.773
1.802
1.737
1.752
1.673
1.651
1.795
1.730
1.673
1.730
1.708
1.687
1.680
1.787
1.852
1.773
1.759
1.831
1.744
1.730
1.759
1.658
1.708
1.680
1.787
1.773
1.780
1.737
1.780
1.780
1.665
1.637
1.787
1.744
1.716
1.730
1.630
1.716
1.694
1.744
1.708
1.737
1.780
1.737
1.759
1.687
1.708
1.802
1.744
1.723
1.816
1.773
1.658
1.787
1.730
1.730
1.665
1.701
1.730
1.752
1.759
1.665
1.694
1.637
1.773
1.730
1.744
1.723
1.809
1.766
1.565
1.701
1.859
1.701
1.752
1.716
1.816
1.744
1.773
1.744
1.744
1.787
1.752
1.680
1.766
1.680
1.701
1.859
1.737
1.780
1.795
1.831
1.701
1.723
1.701
1.694
1.694
1.701
1.737
1.708
1.773
1.752
1.773
1.687
1.687
1.787
1.716
1.694
1.752
1.752
1.651
1.795
1.845
1.802
1.737
1.701
1.694
1.730
1.716
1.723
1.802
1.730
1.716
1.737
1.637
1.651
1.701
1.665
1.687
1.795
1.716
1.723
1.766
1.766
1.773
1.744
1.687
1.716
1.737
1.773
1.723
1.730
1.795
1.802
1.723
1.802
1.766
1.752
1.787
1.723
1.787
1.730
1.766
1.752
1.730
1.673
1.773
1.716
1.708
1.802
1.716
1.759
1.773
1.701
1.694
1.809
1.723
1.680
1.802
1.759
1.680
1.716
1.823
1.708
1.701
1.630
1.723
1.744
1.744
1.701
1.759
1.658
1.701
1.708
1.759
1.658
1.730
1.859
1.716
1.701
1.780
1.680
1.744
1.744
1.716
1.737
1.730
1.787
1.809
1.744
1.673
1.708
1.716
1.723
1.744
1.730
1.766
1.809
1.816
1.838
1.773
1.701
1.809
1.701
1.701
1.673
1.694
1.680
1.658
1.838
1.809
1.694
1.708
1.759
1.759
1.773
1.708
1.680
1.716
1.716
1.787
1.723
1.766
1.716
1.658
1.773
1.730
1.680
1.680
1.744
1.766
1.795
1.787
1.730
1.716
1.579
1.601
1.622
1.687
1.730
1.845
1.730
1.594
1.716
1.766
1.773
1.701
1.730
1.795
1.759
1.730
1.716
1.752
1.795
1.716
1.665
1.680
1.730
1.795
1.802
1.673
1.787
1.730
1.723
1.708
1.708
1.752
1.787
1.737
1.716
1.701
1.752
1.644
1.737
1.673
1.737
1.744
1.723
1.737
1.673
1.759
1.708
1.759
1.673
1.780
1.723
1.773
1.730
1.744
1.730
1.780
1.673
1.773
1.759
1.752
1.737
1.586
1.723
1.752
1.737
1.687
1.759
1.730
1.737
1.701
1.752
1.787
1.673
1.744
1.687
1.737
1.780
1.723
1.845
1.716
1.665
1.665
1.802
1.809
1.737
1.730
1.708
1.687
1.687
1.766
1.687
1.730
1.723
1.766
1.759
1.766
1.708
1.744
1.716
1.744
1.744
1.809
1.759
1.723
1.773
1.787
1.730
1.737
1.816
1.752
1.694
1.716
1.744
1.816
1.773
1.673
1.787
1.787
1.730
1.730
1.809
1.752
1.802
1.673
1.737
1.787
1.766
1.723
1.737
1.852
1.701
1.637
1.787
1.687
1.737
1.694
1.744
1.701
1.759
1.723
1.708
1.802
1.708
1.680
1.780
1.780
1.766
1.723
1.787
1.744
1.701
1.680
1.716
1.673
1.773
1.766
1.866
1.730
1.694
1.780
1.701
1.716
1.723
1.766
1.823
1.773
1.687
1.752
1.744
1.680
1.723
1.651
1.737
1.673
1.701
1.831
1.737
1.759
1.787
1.744
