-0.948
-0.998
-1.048
-1.019
-1.070
-1.041
-1.034
-0.998
-1.070
-1.098
-0.991
-1.027
-1.019
-1.062
-0.998
-1.070
-1.019
-1.055
-1.070
-1.019
-1.084
-1.062
-1.027
-1.048
-0.998
-1.034
-1.034
-1.070
-1.019
-1.027
-1.012
-1.120
-0.991
-1.077
-1.048
-1.019
-1.098
-1.034
-1.134
-1.005
-1.091
-1.127
-1.041
-1.077
-0.991
-1.127
-1.048
-0.991
-1.077
-1.034
-1.012
-1.091
-1.070
-1.019
-1.077
-1.012
-1.034
-1.034
-1.034
-1.091
-1.012
-1.149
-1.084
-1.134
-1.091
-1.098
-1.141
-1.105
-1.120
-1.105
-1.012
-1.048
-1.077
-1.019
-1.070
-1.141
-1.055
-1.041
-1.027
-1.077
-1.098
-1.113
-1.084
-1.070
-1.012
-1.041
-1.098
-1.120
-1.048
-1.134
-1.041
-1.062
-1.120
-1.077
-1.177
-1.041
-1.027
-1.062
-1.070
-1.005
-1.127
-1.048
-1.120
-1.062
-1.091
-1.120
-1.098
-1.041
-1.134
-1.113
-0.983
-1.163
-1.113
-1.062
-1.141
-1.048
-1.170
-1.120
-1.113
-1.084
-1.127
-1.156
-1.070
-1.120
-1.120
-1.048
-1.070
-1.120
-1.098
-1.055
-1.149
-1.098
-1.048
-1.091
-1.113
-1.113
-1.149
-1.084
-1.005
-1.034
-1.098
-1.134
-1.062
-1.120
-1.184
-1.184
-1.120
-1.091
-1.084
-1.098
-1.105
-1.113
-1.098
-1.141
-1.149
-1.113
-1.127
-1.177
-1.120
-1.113
-1.206
-1.098
-1.098
-1.098
-1.177
-1.062
-1.034
-1.134
-1.192
-1.141
-1.149
-1.134
-1.177
-1.149
-1.141
-1.120
-1.113
-1.134
-1.055
-1.105
-1.105
-1.149
-1.192
-1.192
-1.184
-1.235
-1.055
-1.163
-1.156
-1.220
-1.127
-1.192
-1.098
-1.113
-1.192
-1.163
-1.120
-1.149
-1.134
-1.149
-1.192
-1.156
-1.127
-1.156
-1.070
-1.206
-1.084
-1.141
-1.163
-1.149
-1.163
-1.149
-1.206
-1.149
-1.098
-1.199
-1.127
-1.149
-1.220
-1.113
-1.199
-1.113
-1.163
-1.177
-1.177
-1.177
-1.120
-1.156
-1.163
-1.113
-1.177
-1.199
-1.134
-1.127
-1.213
-1.177
-1.220
-1.177
-1.235
-1.192
-1.170
-1.141
-1.192
-1.163
-1.105
-1.134
-1.184
-1.213
-1.141
-1.113
-1.220
-1.163
-1.213
-1.220
-1.177
-1.199
-1.170
-1.192
-1.228
-1.256
-1.134
-1.206
-1.192
-1.213
-1.134
-1.163
-1.206
-1.084
-1.098
-1.192
-1.184
-1.184
-1.163
-1.120
-1.235
-1.163
-1.170
-1.199
-1.170
-1.184
-1.220
-1.206
-1.113
-1.170
-1.149
-1.220
-1.184
-1.199
-1.163
-1.192
-1.170
-1.213
-1.220
-1.177
-1.263
-1.105
-1.156
-1.256
-1.206
-1.177
-1.292
-1.077
-1.192
-1.199
-1.328
-1.199
-1.192
-1.220
-1.235
-1.220
-1.249
-1.235
-1.149
-1.292
-1.228
-1.156
-1.184
-1.263
-1.170
-1.278
-1.249
-1.213
-1.213
-1.228
-1.177
-1.192
-1.192
-1.192
-1.292
-1.263
-1.235
-1.213
-1.206
-1.235
-1.149
-1.213
-1.249
-1.242
-1.192
-1.213
-1.242
-1.263
-1.263
-1.192
-1.256
-1.206
-1.170
-1.220
-1.256
-1.213
-1.235
-1.213
-1.285
-1.134
-1.213
-1.213
-1.228
-1.249
-1.263
-1.192
-1.184
-1.213
-1.249
-1.256
-1.228
-1.271
-1.271
-1.271
-1.263
-1.263
-1.242
-1.342
-1.235
-1.292
-1.220
-1.149
-1.278
-1.228
-1.156
-1.163
-1.134
-1.278
-1.299
-1.292
-1.249
-1.271
-1.321
-1.206
-1.321
-1.328
-1.249
-1.213
-1.271
-1.228
-1.220
-1.242
-1.263
-1.228
-1.278
-1.220
-1.314
-1.271
-1.314
-1.278
-1.271
-1.184
-1.278
-1.242
-1.220
-1.292
-1.314
-1.314
-1.235
-1.256
-1.342
-1.292
-1.163
-1.206
-1.228
-1.271
-1.220
-1.263
-1.278
-1.314
-1.299
-1.220
-1.220
-1.256
-1.220
-1.220
-1.249
-1.242
-1.249
-1.213
-1.335
-1.263
-1.292
-1.206
-1.242
-1.213
-1.249
-1.220
-1.278
-1.285
-1.285
-1.328
-1.285
-1.285
-1.263
-1.357
-1.206
-1.271
-1.306
-1.263
-1.256
-1.278
-1.321
-1.285
-1.271
-1.306
-1.184
-1.228
-1.256
-1.306
-1.285
-1.242
-1.263
-1.220
-1.271
-1.306
-1.242
-1.228
-1.228
-1.292
-1.149
-1.306
-1.249
-1.342
-1.278
-1.271
-1.285
-1.228
-1.256
-1.292
-1.256
-1.292
-1.314
-1.299
-1.314
-1.228
-1.292
-1.292
-1.364
-1.299
-1.271
-1.321
-1.242
-1.242
-1.321
-1.321
-1.364
-1.357
-1.335
-1.328
-1.364
-1.314
-1.385
-1.357
-1.299
-1.235
-1.342
-1.342
-1.299
-1.285
-1.350
-1.378
-1.271
-1.278
-1.235
-1.393
-1.271
-1.156
-1.407
-1.271
-1.271
-1.335
-1.213
-1.328
-1.306
-1.192
-1.192
-1.306
-1.314
-1.321
-1.335
-1.335
-1.199
-1.335
-1.278
-1.321
-1.263
-1.278
-1.299
-1.314
-1.321
-1.271
-1.314
-1.393
-1.314
-1.335
-1.321
-1.328
-1.299
-1.263
-1.357
-1.249
-1.278
-1.306
-1.271
-1.285
-1.306
-1.357
-1.292
-1.393
-1.414
-1.364
-1.321
-1.271
-1.285
-1.393
-1.414
-1.306
-1.407
-1.328
-1.292
-1.407
-1.314
-1.285
-1.213
-1.357
-1.364
-1.263
-1.328
-1.263
-1.357
-1.328
-1.278
-1.306
-1.285
-1.371
-1.299
-1.335
-1.407
-1.321
-1.306
-1.335
-1.335
-1.378
-1.378
-1.335
-1.263
-1.335
-1.256
-1.364
-1.263
-1.242
-1.299
-1.342
-1.350
-1.328
-1.385
-1.328
-1.328
-1.299
-1.385
-1.278
-1.306
-1.335
-1.335
-1.378
-1.328
-1.357
-1.285
-1.335
-1.292
-1.271
-1.393
-1.285
-1.335
-1.357
-1.385
-1.299
-1.371
-1.393
-1.350
-1.335
-1.350
-1.457
-1.385
-1.328
-1.350
-1.400
-1.335
-1.299
-1.335
-1.400
-1.429
-1.328
-1.292
-1.421
-1.371
-1.278
-1.306
-1.371
-1.335
-1.342
-1.364
-1.306
-1.278
-1.306
-1.364
-1.342
-1.292
-1.328
-1.357
-1.299
-1.342
-1.299
-1.385
-1.364
-1.407
-1.342
-1.321
-1.385
-1.371
-1.393
-1.321
-1.242
-1.364
-1.335
-1.342
-1.321
-1.249
-1.436
-1.407
-1.278
-1.385
-1.378
-1.350
-1.364
-1.385
-1.292
-1.306
-1.306
-1.421
-1.357
-1.299
-1.371
-1.328
-1.493
-1.321
-1.350
-1.364
-1.407
-1.342
-1.371
-1.364
-1.350
-1.393
-1.321
-1.285
-1.321
-1.292
-1.278
-1.342
-1.400
-1.393
-1.393
-1.393
-1.385
-1.335
-1.321
-1.378
-1.299
-1.350
-1.421
-1.342
-1.371
-1.342
-1.385
-1.314
-1.328
-1.443
-1.364
-1.299
-1.400
-1.407
-1.421
-1.357
-1.407
-1.400
-1.335
-1.314
-1.421
-1.414
-1.436
-1.278
-1.314
-1.271
-1.371
-1.335
-1.407
-1.385
-1.328
-1.299
-1.350
-1.479
-1.371
-1.299
-1.400
-1.321
-1.429
-1.385
-1.393
-1.342
-1.342
-1.306
-1.378
-1.421
-1.436
-1.407
-1.407
-1.364
-1.393
-1.371
-1.342
-1.385
-1.414
-1.464
-1.393
-1.271
-1.335
-1.421
-1.328
-1.457
-1.285
-1.350
-1.378
-1.328
-1.429
-1.407
-1.393
-1.335
-1.342
-1.364
-1.342
-1.350
-1.385
-1.357
-1.364
-1.342
-1.350
-1.285
-1.371
-1.364
-1.393
-1.378
-1.350
-1.364
-1.335
-1.414
-1.285
-1.421
-1.371
-1.400
-1.407
-1.350
-1.371
-1.443
-1.472
-1.407
-1.285
-1.457
-1.500
-1.421
-1.342
-1.457
-1.407
-1.321
-1.364
-1.472
-1.371
-1.393
-1.414
-1.486
-1.364
-1.457
-1.364
-1.436
-1.357
-1.450
-1.385
-1.299
-1.328
-1.457
-1.450
-1.400
-1.393
-1.328
-1.357
-1.400
-1.378
-1.486
-1.400
-1.314
-1.421
-1.335
-1.364
-1.335
-1.515
-1.364
-1.378
-1.371
-1.443
-1.385
-1.364
-1.414
-1.400
-1.400
-1.400
-1.450
-1.407
-1.429
-1.400
-1.364
-1.421
-1.335
-1.486
-1.414
-1.450
-1.393
-1.342
-1.378
-1.385
-1.429
-1.400
-1.414
-1.421
-1.350
-1.515
-1.400
-1.407
-1.436
-1.421
-1.357
-1.450
-1.378
-1.378
-1.385
-1.342
-1.407
-1.378
-1.429
-1.421
-1.443
-1.421
-1.400
-1.450
-1.407
-1.371
-1.443
-1.500
-1.464
-1.507
-1.421
-1.385
-1.357
-1.371
-1.450
-1.421
-1.364
-1.393
-1.414
-1.500
-1.407
-1.436
-1.400
-1.457
-1.421
-1.457
-1.450
-1.450
-1.472
-1.421
-1.364
-1.429
-1.472
-1.400
-1.364
-1.364
-1.357
-1.357
-1.400
-1.421
-1.414
-1.364
-1.378
-1.457
-1.414
-1.357
-1.429
-1.450
-1.443
-1.479
-1.400
-1.472
-1.479
-1.429
-1.407
-1.493
-1.479
-1.328
-1.507
-1.450
-1.450
-1.400
-1.407
-1.407
-1.493
-1.378
-1.443
-1.364
-1.436
-1.421
-1.371
-1.522
-1.393
-1.414
-1.400
-1.479
-1.350
-1.328
-1.285
-1.364
-1.450
-1.393
-1.371
-1.421
-1.472
-1.464
-1.407
-1.393
-1.436
-1.479
-1.414
-1.436
-1.400
-1.407
-1.385
-1.522
-1.385
-1.414
-1.421
-1.306
-1.378
-1.400
-1.421
-1.385
-1.457
-1.407
-1.421
-1.486
-1.421
-1.450
-1.493
-1.486
-1.515
-1.364
-1.429
-1.429
-1.450
-1.450
-1.536
-1.429
-1.507
-1.421
-1.493
-1.421
-1.472
-1.400
-1.421
-1.342
-1.350
-1.457
-1.414
-1.436
-1.436
-1.500
-1.507
-1.364
-1.443
-1.551
-1.436
-1.414
-1.378
-1.472
-1.436
-1.400
-1.486
-1.429
-1.457
-1.414
-1.515
-1.414
-1.414
-1.464
-1.464
-1.450
-1.335
-1.436
-1.443
-1.429
-1.421
-1.472
-1.457
-1.357
-1.457
-1.429
-1.479
-1.357
-1.443
-1.457
-1.436
-1.414
-1.457
-1.472
-1.507
-1.443
-1.429
-1.464
-1.414
-1.378
-1.515
-1.464
-1.414
-1.586
-1.457
-1.507
-1.429
-1.493
-1.464
-1.400
-1.450
-1.457
-1.464
-1.450
-1.414
-1.457
-1.429
-1.414
-1.378
-1.457
-1.414
-1.306
-1.500
-1.443
-1.378
-1.421
-1.443
-1.407
-1.378
-1.450
-1.436
-1.371
-1.493
-1.536
-1.500
-1.493
-1.443
-1.515
-1.464
-1.472
-1.443
-1.529
-1.421
-1.421
-1.500
-1.493
-1.529
-1.385
-1.450
-1.429
-1.500
-1.479
-1.472
-1.479
-1.421
-1.579
-1.579
-1.450
-1.464
-1.450
-1.443
-1.421
-1.393
-1.450
-1.429
-1.450
-1.385
-1.486
-1.450
-1.450
-1.479
-1.393
-1.493
-1.464
-1.536
-1.450
-1.393
-1.464
-1.500
-1.443
-1.443
-1.479
-1.464
-1.421
-1.436
-1.450
-1.507
-1.385
-1.393
-1.436
-1.429
-1.407
-1.457
-1.543
-1.472
-1.414
-1.407
-1.543
-1.507
-1.407
-1.457
-1.450
-1.400
-1.479
-1.457
-1.515
-1.457
-1.486
-1.400
-1.385
-1.464
-1.522
-1.479
-1.421
-1.400
-1.436
-1.429
-1.443
-1.443
-1.522
-1.515
-1.407
-1.429
-1.457
-1.479
-1.493
-1.364
-1.472
-1.457
-1.393
-1.486
-1.507
-1.414
-1.493
-1.486
-1.457
-1.486
-1.443
-1.486
-1.443
-1.429
-1.464
-1.579
-1.407
-1.450
-1.493
-1.443
-1.500
-1.450
-1.500
-1.400
-1.443
-1.464
-1.450
-1.515
-1.414
-1.364
-1.572
-1.493
-1.421
-1.450
-1.429
-1.551
-1.486
-1.464
-1.479
-1.543
-1.493
-1.507
-1.443
-1.400
-1.421
-1.472
-1.479
-1.378
-1.472
-1.493
-1.457
-1.457
-1.429
-1.464
-1.522
-1.400
-1.486
-1.436
-1.522
-1.522
-1.429
-1.515
-1.472
-1.464
-1.429
-1.515
-1.457
-1.421
-1.572
-1.486
-1.450
-1.436
-1.486
-1.500
-1.493
-1.421
-1.450
-1.479
-1.515
-1.500
-1.507
-1.500
-1.429
-1.479
-1.500
-1.500
-1.457
-1.472
-1.450
-1.385
-1.486
-1.357
-1.507
-1.450
-1.507
-1.529
-1.500
-1.436
-1.464
-1.429
-1.472
-1.414
-1.450
-1.464
-1.421
-1.479
-1.558
-1.421
-1.450
-1.493
-1.464
-1.450
-1.472
-1.464
-1.536
-1.443
-1.464
-1.558
-1.457
-1.443
-1.414
-1.393
-1.450
-1.565
-1.479
-1.522
-1.479
-1.543
-1.486
-1.414
-1.436
-1.543
-1.407
-1.536
-1.407
-1.479
-1.436
-1.443
-1.558
-1.493
-1.479
-1.486
-1.486
-1.464
-1.479
-1.515
-1.479
-1.436
-1.457
-1.500
-1.515
-1.486
-1.464
-1.515
-1.486
-1.457
-1.479
-1.436
-1.436
-1.457
-1.457
-1.522
-1.529
-1.515
-1.543
-1.522
-1.493
-1.486
-1.529
-1.464
-1.551
-1.443
-1.558
-1.436
-1.479
-1.493
-1.400
-1.479
-1.457
-1.507
-1.500
-1.522
-1.364
-1.515
-1.486
-1.507
-1.414
-1.457
-1.500
-1.565
-1.536
-1.479
-1.507
-1.443
-1.515
-1.529
-1.507
-1.522
-1.493
-1.385
-1.565
-1.529
-1.507
-1.429
-1.536
-1.421
-1.536
-1.551
-1.414
-1.500
-1.486
-1.350
-1.436
-1.529
-1.500
-1.543
-1.515
-1.536
-1.407
-1.421
-1.443
-1.500
-1.414
-1.443
-1.579
-1.558
-1.507
-1.479
-1.579
-1.479
-1.464
-1.522
-1.493
-1.543
-1.486
-1.558
-1.407
-1.479
-1.479
-1.543
-1.500
-1.529
-1.507
-1.522
-1.493
-1.486
-1.400
-1.500
-1.479
-1.472
-1.493
-1.515
-1.543
-1.443
-1.515
-1.543
-1.436
-1.572
-1.486
-1.457
-1.515
-1.479
-1.536
-1.450
-1.500
-1.529
-1.515
-1.493
-1.500
-1.565
-1.385
-1.551
-1.443
-1.500
-1.472
-1.443
-1.493
-1.522
-1.507
-1.579
-1.507
-1.436
-1.500
-1.493
-1.507
-1.507
-1.472
-1.515
-1.579
-1.393
-1.500
-1.615
-1.486
-1.507
-1.536
-1.500
-1.522
-1.522
-1.479
-1.443
-1.464
-1.536
-1.486
-1.507
-1.529
-1.443
-1.601
-1.515
-1.486
-1.515
-1.486
-1.421
-1.558
-1.543
-1.565
-1.472
-1.522
-1.536
-1.486
-1.472
-1.572
-1.500
-1.486
-1.486
-1.529
-1.586
-1.507
-1.486
-1.543
-1.479
-1.594
-1.479
-1.601
-1.457
-1.500
-1.565
-1.572
-1.551
-1.536
-1.558
-1.443
-1.450
-1.507
-1.486
-1.486
-1.500
-1.586
-1.630
-1.385
-1.436
-1.522
-1.558
-1.558
-1.586
-1.536
-1.551
-1.565
-1.536
-1.551
-1.464
-1.493
-1.543
-1.414
-1.493
-1.579
-1.536
-1.464
-1.479
-1.543
-1.565
-1.507
-1.543
-1.543
-1.551
-1.493
-1.457
-1.615
-1.464
-1.450
-1.572
-1.493
-1.500
-1.572
-1.486
-1.479
-1.551
-1.558
-1.565
-1.586
-1.436
-1.472
-1.507
-1.551
-1.529
-1.479
-1.594
-1.586
-1.464
-1.493
-1.486
-1.529
-1.529
-1.572
-1.522
-1.507
-1.493
-1.586
-1.594
-1.536
-1.543
-1.464
-1.493
-1.601
-1.479
-1.479
-1.493
-1.493
-1.565
-1.472
-1.507
-1.586
-1.565
-1.543
-1.529
-1.479
-1.493
-1.457
-1.630
-1.551
-1.522
-1.529
-1.493
-1.536
-1.464
-1.558
-1.493
-1.608
-1.536
-1.558
-1.543
-1.565
-1.551
-1.486
-1.507
-1.515
-1.543
-1.579
-1.479
-1.565
-1.637
-1.551
-1.522
-1.515
-1.493
-1.543
-1.594
-1.543
-1.500
-1.421
-1.450
-1.536
-1.536
-1.551
-1.450
-1.486
-1.579
-1.572
-1.421
-1.436
-1.450
-1.522
-1.586
-1.436
-1.472
-1.543
-1.637
-1.522
-1.457
-1.529
-1.644
-1.472
-1.479
-1.579
-1.594
-1.507
-1.479
-1.565
-1.586
-1.522
-1.472
-1.515
-1.565
-1.507
-1.457
-1.515
-1.558
-1.457
-1.507
-1.536
-1.515
-1.479
-1.586
-1.536
-1.507
-1.464
-1.630
-1.572
-1.464
-1.551
-1.565
-1.515
-1.543
-1.522
-1.572
-1.572
-1.579
-1.493
-1.558
-1.500
-1.522
-1.407
-1.536
-1.536
-1.479
-1.457
-1.500
-1.543
-1.529
-1.522
-1.536
-1.551
-1.479
-1.536
-1.572
-1.443
-1.536
-1.500
-1.594
-1.486
-1.651
-1.500
-1.522
-1.515
-1.464
-1.551
-1.579
-1.515
-1.493
-1.536
-1.507
-1.464
-1.378
-1.579
-1.507
-1.565
-1.457
-1.529
-1.558
-1.522
-1.522
-1.493
-1.551
-1.551
-1.558
-1.529
-1.515
-1.543
-1.558
-1.500
-1.565
-1.558
-1.543
-1.622
-1.579
-1.457
-1.507
-1.601
-1.558
-1.565
-1.572
-1.565
-1.493
-1.515
-1.565
-1.529
-1.529
-1.507
-1.622
-1.507
-1.457
-1.558
-1.536
-1.601
-1.472
-1.586
-1.565
-1.558
-1.493
-1.572
-1.630
-1.565
-1.586
-1.579
-1.529
-1.536
-1.551
-1.586
-1.586
-1.558
-1.543
-1.551
-1.680
-1.507
-1.543
-1.608
-1.543
-1.515
-1.586
-1.594
-1.479
-1.493
-1.500
-1.536
-1.493
-1.522
-1.579
-1.522
-1.536
-1.472
-1.601
-1.493
-1.594
-1.536
-1.579
-1.579
-1.579
-1.572
-1.493
-1.472
-1.551
-1.565
-1.515
-1.529
-1.522
-1.536
-1.536
-1.558
-1.558
-1.551
-1.551
-1.543
-1.472
-1.486
-1.536
-1.464
-1.543
-1.515
-1.479
-1.579
-1.486
-1.572
-1.565
-1.551
-1.486
-1.507
-1.601
-1.644
-1.601
-1.543
-1.665
-1.515
-1.579
-1.543
-1.565
-1.551
-1.586
-1.493
-1.551
-1.450
-1.551
-1.579
-1.586
-1.551
-1.500
-1.601
-1.565
-1.522
-1.529
-1.594
-1.586
-1.579
-1.558
-1.601
-1.464
-1.450
-1.486
-1.615
-1.586
-1.579
-1.522
-1.565
-1.493
-1.558
-1.551
-1.565
-1.622
-1.565
-1.522
-1.500
-1.543
-1.472
-1.500
-1.493
-1.601
-1.522
-1.551
-1.493
-1.637
-1.507
-1.500
-1.500
-1.493
-1.457
-1.594
-1.551
-1.558
-1.615
-1.529
-1.579
-1.565
-1.493
-1.500
-1.551
-1.551
-1.529
-1.558
-1.522
-1.572
-1.536
-1.558
-1.565
-1.558
-1.572
-1.543
-1.529
-1.543
-1.515
-1.572
-1.486
-1.522
-1.500
-1.615
-1.536
-1.594
-1.586
-1.601
-1.572
-1.579
-1.558
-1.665
-1.507
-1.522
-1.572
-1.586
-1.558
-1.529
-1.594
-1.579
-1.529
-1.522
-1.558
-1.687
-1.615
-1.529
-1.536
-1.507
-1.551
-1.529
-1.551
-1.615
-1.529
-1.479
-1.558
-1.515
-1.594
-1.457
-1.658
-1.586
-1.536
-1.565
-1.565
-1.558
-1.579
-1.586
-1.630
-1.622
-1.500
-1.529
-1.558
-1.601
-1.586
-1.565
-1.551
-1.536
-1.579
-1.615
-1.551
-1.644
-1.551
-1.507
-1.665
-1.507
-1.522
-1.586
-1.536
-1.637
-1.536
-1.651
-1.586
-1.572
-1.543
-1.608
-1.515
-1.507
-1.579
-1.536
-1.500
-1.572
-1.586
-1.551
-1.522
-1.572
-1.630
-1.579
-1.579
-1.529
-1.608
-1.644
-1.608
-1.515
-1.622
-1.637
-1.579
-1.615
-1.579
-1.457
-1.551
-1.565
-1.551
-1.579
-1.594
-1.507
-1.594
-1.630
-1.558
-1.594
-1.493
-1.594
-1.543
-1.486
-1.579
-1.586
-1.522
-1.543
-1.579
-1.622
-1.644
-1.572
-1.586
-1.515
-1.594
-1.543
-1.594
-1.572
-1.594
-1.536
-1.565
-1.529
-1.558
-1.594
-1.572
-1.515
-1.529
-1.579
-1.608
-1.529
-1.551
-1.529
-1.586
-1.507
-1.615
-1.551
-1.608
-1.565
-1.558
-1.565
-1.608
-1.572
-1.472
-1.529
-1.601
-1.522
-1.551
-1.586
-1.565
-1.529
-1.594
-1.579
-1.565
-1.515
-1.579
-1.680
-1.507
-1.601
-1.543
-1.579
-1.515
-1.601
-1.615
-1.500
-1.558
-1.594
-1.565
-1.515
-1.579
-1.601
-1.586
-1.551
-1.586
-1.665
-1.630
-1.572
-1.622
-1.622
-1.615
-1.565
-1.565
-1.615
-1.601
-1.608
-1.551
-1.630
-1.486
-1.515
-1.551
-1.464
-1.586
-1.608
-1.572
-1.586
-1.565
-1.572
-1.522
-1.543
-1.572
-1.608
-1.493
-1.551
-1.536
-1.601
-1.536
-1.608
-1.579
-1.543
-1.522
-1.615
-1.586
-1.558
-1.579
-1.529
-1.637
-1.472
-1.601
-1.493
-1.615
-1.522
-1.565
-1.622
-1.515
-1.572
-1.716
-1.658
-1.579
-1.622
-1.630
-1.630
-1.565
-1.622
-1.673
-1.594
-1.594
-1.622
-1.486
-1.637
-1.536
-1.529
-1.601
-1.586
-1.644
-1.586
-1.565
-1.558
-1.594
-1.637
-1.608
-1.594
-1.637
-1.572
-1.622
-1.493
-1.486
-1.558
-1.615
-1.608
-1.615
-1.558
-1.558
-1.630
-1.594
-1.579
-1.608
-1.586
-1.543
-1.515
-1.630
-1.522
-1.594
-1.630
-1.551
-1.558
-1.543
-1.665
-1.558
-1.644
-1.594
-1.622
-1.579
-1.586
-1.536
-1.665
-1.601
-1.601
-1.701
-1.608
-1.594
-1.551
-1.558
-1.558
-1.637
-1.572
-1.601
-1.594
-1.515
-1.644
-1.622
-1.579
-1.579
-1.586
-1.608
-1.594
-1.586
-1.622
-1.622
-1.536
-1.601
-1.522
-1.551
-1.586
-1.572
-1.601
-1.586
-1.536
-1.651
-1.594
-1.586
-1.515
-1.586
-1.565
-1.565
-1.622
-1.630
-1.601
-1.694
-1.687
-1.579
-1.601
-1.608
-1.594
-1.558
-1.543
-1.630
-1.622
-1.565
-1.630
-1.579
-1.615
-1.500
-1.558
-1.551
-1.665
-1.630
-1.579
-1.630
-1.644
-1.536
-1.565
-1.615
-1.594
-1.565
-1.522
-1.565
-1.630
-1.651
-1.615
-1.572
-1.543
-1.565
-1.622
-1.558
-1.579
-1.572
-1.565
-1.551
-1.608
-1.536
-1.572
-1.601
-1.594
-1.601
-1.637
-1.586
-1.680
-1.579
-1.644
-1.551
-1.572
-1.522
-1.579
-1.529
-1.507
-1.529
-1.651
-1.594
-1.529
-1.579
-1.601
-1.522
-1.630
-1.586
-1.586
-1.551
-1.543
-1.558
-1.536
-1.665
-1.673
-1.579
-1.622
-1.651
-1.608
-1.543
-1.529
-1.515
-1.601
-1.515
-1.651
-1.630
-1.594
-1.586
-1.551
-1.673
-1.565
-1.615
-1.615
-1.766
-1.299
-1.278
-1.321
-1.306
-1.299
-1.249
-1.299
-1.335
-1.335
-1.306
-1.328
-1.271
-1.299
-1.242
-1.256
-1.249
-1.321
-1.328
-1.306
-1.299
-1.299
-1.235
-1.314
-1.335
-1.256
-1.285
-1.306
-1.292
-1.263
-1.335
-1.321
-1.285
-1.242
-1.314
-1.256
-1.278
-1.278
-1.249
-1.299
-1.285
-1.235
-1.278
-1.335
-1.271
-1.335
-1.271
-1.285
-1.292
-1.299
-1.256
-1.220
-1.306
-1.314
-1.278
-1.192
-1.213
-1.278
-1.213
-1.335
-1.278
-1.249
-1.285
-1.321
-1.306
-1.213
-1.235
-1.220
-1.314
-1.220
-1.177
-1.263
-1.235
-1.220
-1.256
-1.235
-1.199
-1.271
-1.263
-1.242
-1.206
-1.256
-1.263
-1.199
-1.184
-1.256
-1.220
-1.156
-1.170
-1.177
-1.285
-1.256
-1.177
-1.156
-1.228
-1.199
-1.263
-1.220
-1.278
-1.278
-1.228
-1.235
-1.199
-1.206
-1.199
-1.263
-1.263
-1.306
-1.192
-1.314
-1.163
-1.228
-1.192
-1.220
-1.278
-1.177
-1.170
-1.206
-1.213
-1.127
-1.184
-1.149
-1.220
-1.105
-1.213
-1.220
-1.242
-1.163
-1.256
-1.199
-1.163
-1.163
-1.149
-1.213
-1.271
-1.170
-1.170
-1.206
-1.199
-1.141
-1.271
-1.105
-1.206
-1.156
-1.156
-1.156
-1.127
-1.134
-1.199
-1.141
-1.177
-1.156
-1.113
-1.192
-1.263
-1.184
-1.055
-1.141
-1.228
-1.199
-1.055
-1.156
-1.005
-1.041
-1.249
-1.170
-1.113
-1.184
-1.177
-1.149
-1.077
-1.041
-1.184
-1.005
-1.184
-1.127
-1.113
-1.134
-1.141
-1.156
-0.948
-1.070
-1.170
-1.170
-1.062
-1.105
-1.228
-1.105
-1.070
-1.163
-1.242
-1.256
-1.177
-1.134
-1.206
-1.163
-1.141
-1.127
-1.048
-1.249
-1.084
-1.249
-1.127
-1.170
-1.156
-1.127
-1.120
-1.113
-1.228
-1.156
-1.177
-1.062
-1.170
-1.113
-1.141
-1.084
-1.141
-1.098
-1.098
-1.184
-1.156
-1.127
-1.113
-1.098
-1.192
-1.055
-1.177
-1.120
-1.127
-1.070
-1.098
-1.213
-1.105
-1.134
-1.156
-1.235
-1.098
-1.048
-1.048
-1.149
-1.120
-1.156
-1.134
-1.170
-1.041
-1.156
-1.105
-1.084
-1.077
-1.084
-1.120
-1.156
-1.156
-1.141
-1.192
-1.149
-1.170
-1.084
-1.120
-1.034
-1.070
-1.235
-1.019
-1.055
-1.120
-1.141
-1.098
-1.192
-1.077
-1.091
-1.120
-1.091
-1.141
-1.055
-1.098
-1.005
-1.156
-1.055
-1.149
-1.242
-1.034
-1.105
-1.048
-1.077
-1.177
-1.034
-1.041
-1.127
-1.156
-1.098
-1.070
-1.062
-1.055
-1.163
-1.184
-1.134
-1.105
-1.048
-1.077
-1.027
-1.048
-1.019
-1.120
-1.113
-1.062
-1.048
-1.077
-1.084
-1.098
-1.077
-0.998
-1.027
-1.098
-1.077
-1.134
-1.041
-1.084
-1.098
-1.062
-1.070
-1.041
-1.084
-1.034
-1.062
-1.213
-1.105
-1.062
-1.091
-1.041
-1.055
-1.055
-1.084
-1.134
-1.027
-0.969
-1.062
-1.077
-1.019
-1.048
-1.098
-1.206
-1.048
-1.084
-1.077
-1.019
-0.998
-1.070
-1.034
-1.084
-1.055
-1.084
-1.055
-1.048
-1.041
-1.163
-1.062
-1.098
-1.027
-1.027
-1.070
-1.084
-1.034
-0.998
-1.062
-1.105
-1.084
-1.055
-1.012
-1.105
-1.034
-1.005
-1.048
-1.084
-1.019
-0.933
-1.070
-1.098
-0.976
-1.105
-1.070
-1.127
-1.048
-1.163
-1.034
-1.048
-1.027
-1.062
-1.041
-0.998
-1.027
-0.991
-0.718
-1.077
-1.012
-1.048
-1.070
-1.055
-1.048
-0.976
-1.055
-1.120
-0.847
-1.027
-1.019
-0.998
-1.005
-1.062
-1.055
-1.091
-1.084
-1.012
-0.940
-1.019
-1.005
-1.055
-0.998
-0.969
-1.041
-1.105
-0.983
-1.041
-1.027
-0.991
-0.962
-1.027
-0.940
-1.048
-1.055
-1.041
-1.113
-1.027
-0.948
-1.048
-1.034
-1.070
-0.991
-1.055
-1.105
-1.027
-1.048
-1.048
-1.062
-1.012
-1.048
-1.012
-1.070
-1.012
-1.005
-1.041
-0.991
-1.012
-0.962
-0.976
-1.041
-0.955
-1.055
-1.041
-1.027
-1.027
-1.005
-1.027
-1.019
-1.048
-0.983
-1.084
-1.019
-1.005
-1.019
-1.077
-1.048
-1.027
-1.048
-1.098
-0.991
-0.912
-1.041
-0.998
-0.983
-1.027
-0.983
-1.012
-1.027
-0.976
-0.969
-1.041
-0.976
-1.012
-1.055
-1.070
-0.998
-0.983
-1.041
-0.969
-0.983
-0.948
-1.098
-0.969
-0.948
-1.055
-1.012
-1.019
-0.955
-1.027
-0.998
-0.955
-0.998
-1.062
-1.127
-1.012
-0.991
-0.983
-1.034
-0.969
-0.991
-0.998
-0.962
-0.983
-1.091
-0.940
-1.019
-1.034
-1.091
-1.027
-0.991
-1.019
-1.041
-0.948
-1.005
-0.969
-0.955
-0.955
-1.127
-0.991
-0.969
-1.027
-0.955
-0.919
-0.854
-0.955
-0.926
-1.048
-0.955
-0.976
-1.027
-1.077
-0.897
-1.034
-1.062
-0.969
-0.991
-1.005
-0.962
-0.998
-0.955
-1.084
-1.034
-0.991
-0.948
-0.983
-1.019
-1.005
-1.005
-0.919
-0.926
-0.926
-0.983
-1.041
-0.926
-0.940
-1.005
-1.034
-0.940
-0.955
-0.991
-0.976
-0.983
-0.955
-1.019
-1.048
-1.012
-1.012
-1.055
-1.012
-0.983
-0.962
-0.976
-0.962
-0.991
-1.012
-1.070
-0.991
-0.991
-0.890
-0.969
-0.998
-0.948
-1.055
-0.969
-0.919
-0.948
-0.983
-0.933
-0.976
-1.034
-1.012
-0.912
-0.940
-0.955
-1.019
-0.962
-0.955
-0.955
-1.091
-0.983
-1.012
-1.019
-1.019
-1.034
-0.962
-1.012
-0.955
-0.897
-0.969
-0.991
-0.948
-0.912
-1.005
-0.976
-0.883
-1.041
-0.955
-1.034
-0.933
-1.055
-1.005
-0.962
-1.012
-0.969
-1.062
-0.890
-0.869
-0.983
-0.983
-1.098
-0.955
-1.062
-0.983
-0.904
-0.962
-0.926
-0.933
-0.976
-1.027
-1.012
-0.869
-0.890
-0.940
-0.962
-0.983
-0.926
-1.041
-0.940
-0.969
-0.983
-0.955
-0.926
-0.991
-0.919
-0.919
-0.869
-1.005
-0.940
-0.861
-0.969
-0.955
-1.027
-0.940
-0.991
-1.041
-0.933
-0.919
-0.962
-0.897
-0.998
-0.904
-0.983
-0.998
-1.005
-0.991
-0.962
-1.034
-0.969
-0.962
-0.926
-0.876
-0.955
-0.998
-0.919
-0.883
-0.969
-0.962
-0.991
-0.883
-0.948
-0.940
-0.976
-0.883
-0.998
-0.962
-0.969
-0.933
-1.012
-0.983
-0.983
-0.991
-0.962
-0.955
-0.861
-0.998
-1.048
-0.897
-0.876
-0.919
-0.955
-0.948
-0.991
-0.940
-0.962
-0.940
-0.897
-0.991
-0.948
-0.904
-0.983
-0.955
-0.948
-0.883
-0.955
-0.969
-0.912
-0.955
-0.933
-1.005
-0.940
-0.976
-0.955
-0.933
-0.897
-1.034
-0.991
-0.940
-0.969
-0.933
-1.034
-0.890
-0.876
-0.940
-0.933
-0.969
-0.876
-0.955
-0.940
-0.940
-0.926
-0.948
-0.976
-0.869
-0.991
-0.912
-0.904
-0.919
-0.912
-0.955
-0.861
-0.897
-0.998
-0.940
-0.955
-0.969
-0.912
-1.005
-0.933
-1.034
-0.933
-0.948
-0.897
-1.141
-0.833
-0.969
-0.912
-0.933
-0.969
-0.926
-0.904
-0.962
-0.991
-0.926
-0.876
-1.027
-0.847
-0.912
-0.883
-1.019
-0.962
-0.955
-0.904
-0.962
-0.919
-0.883
-0.897
-0.926
-0.983
-0.890
-0.948
-0.869
-0.861
-0.933
-0.897
-0.854
-0.919
-1.027
-0.976
-0.797
-0.833
-0.933
-0.933
-0.897
-0.983
-0.926
-0.948
-0.926
-0.955
-0.876
-0.840
-0.883
-0.926
-0.861
-0.976
-0.897
-0.933
-0.948
-0.926
-1.041
-0.876
-0.919
-0.869
-0.933
-0.926
-0.876
-0.919
-0.919
-0.933
-0.768
-0.940
-0.854
-0.847
-0.876
-0.998
-0.933
-0.897
-0.998
-0.919
-0.940
-0.890
-0.897
-0.919
-0.897
-0.840
-0.869
-1.027
-0.933
-1.077
-0.847
-0.962
-0.919
-0.854
-0.940
-0.933
-0.955
-0.926
-0.919
-0.940
-0.883
-0.948
-0.919
-0.904
-0.890
-0.912
-0.897
-0.940
-0.912
-0.912
-0.703
-0.876
-0.912
-0.955
-0.883
-0.747
-0.890
-0.962
-0.991
-0.876
-0.940
-0.897
-0.861
-0.955
-0.904
-0.876
-0.890
-0.940
-0.897
-0.904
-0.804
-0.955
-0.897
-0.940
-0.904
-0.976
-0.976
-0.904
-0.897
-0.897
-0.940
-0.904
-0.948
-0.833
-0.811
-0.861
-0.912
-0.904
-0.904
-0.890
-0.876
-0.890
-0.912
-0.919
-0.919
-0.912
-0.890
-0.912
-0.919
-0.912
-0.847
-0.854
-0.861
-0.869
-0.847
-0.840
-0.883
-0.933
-0.854
-0.890
-0.833
-0.912
-0.926
-0.861
-0.919
-0.969
-0.890
-0.833
-0.919
-0.919
-0.883
-0.811
-0.940
-0.890
-0.912
-0.840
-0.883
-0.869
-0.940
-0.948
-0.897
-0.847
-0.876
-0.883
-0.976
-0.962
-0.933
-0.948
-0.818
-0.897
-0.897
-0.876
-0.890
-0.948
-0.904
-0.826
-0.869
-0.876
-0.833
-0.904
-0.962
-0.948
-0.861
-0.904
-0.955
-0.904
-0.926
-0.926
-0.890
-0.940
-0.847
-0.926
-0.861
-0.833
-0.926
-0.861
-0.926
-0.861
-0.818
-0.869
-0.955
-0.904
-0.790
-0.940
-0.940
-0.883
-0.912
-0.991
-0.869
-0.983
-0.912
-0.876
-0.983
-0.890
-0.861
-0.962
-0.933
-0.833
-0.890
-0.883
-0.861
-0.890
-0.782
-0.876
-0.897
-0.804
-0.826
-0.833
-0.869
-0.797
-0.833
-0.940
-0.897
-0.912
-0.912
-0.991
-0.904
-0.854
-0.912
-0.811
-0.919
-0.983
-0.861
-0.912
-0.912
-0.818
-0.854
-0.890
-0.969
-0.797
-0.897
-0.948
-0.919
-0.861
-0.883
-0.861
-0.955
-0.847
-0.897
-0.926
-0.797
-0.768
-0.991
-0.897
-0.840
-0.811
-0.919
-0.919
-0.854
-0.869
-0.818
-0.847
-0.912
-0.833
-0.876
-0.876
-0.897
-0.897
-0.904
-0.883
-0.833
-0.818
-0.854
-0.811
-0.861
-0.811
-0.904
-0.840
-0.890
-0.747
-1.005
-0.854
-0.854
-0.861
-0.912
-0.833
-0.826
-0.790
-1.077
-0.897
-0.890
-0.897
-0.919
-0.912
-0.818
-0.883
-0.818
-0.948
-0.897
-0.869
-0.833
-0.883
-0.912
-0.818
-0.890
-0.761
-0.747
-0.912
-0.890
-0.919
-0.811
-0.912
-0.883
-0.904
-0.948
-0.883
-0.833
-0.840
-0.811
-0.890
-0.883
-0.897
-0.811
-0.739
-0.883
-0.904
-0.904
-0.904
-0.883
-0.869
-0.833
-0.811
-0.826
-0.797
-0.897
-0.861
-0.826
-0.818
-0.840
-0.833
-0.876
-0.883
-0.833
-0.833
-0.797
-0.811
-0.840
-0.790
-0.876
-0.912
-0.833
-0.818
-0.833
-0.948
-0.983
-0.797
-0.826
-0.897
-0.847
-0.847
-0.768
-0.847
-0.761
-0.876
-0.890
-0.840
-0.840
-0.847
-0.818
-0.948
-0.854
-0.847
-0.833
-0.933
-0.811
-0.897
-0.826
-0.811
-0.811
-0.768
-0.869
-0.876
-0.840
-0.833
-0.818
-0.826
-0.876
-0.962
-0.897
-0.854
-0.826
-0.897
-0.904
-0.790
-0.926
-0.818
-0.854
-0.897
-0.696
-0.912
-0.847
-0.818
-0.826
-0.876
-0.876
-0.833
-0.811
-0.754
-0.725
-0.833
-0.897
-0.826
-0.840
-0.876
-0.897
-0.854
-0.919
-0.833
-0.926
-0.890
-0.847
-0.854
-0.826
-0.797
-0.869
-0.919
-0.847
-0.818
-0.840
-0.847
-0.818
-0.797
-0.912
-0.869
-0.847
-0.883
-0.876
-0.890
-0.854
-0.912
-0.833
-0.876
-0.782
-0.869
-0.926
-0.876
-0.897
-0.897
-0.897
-0.775
-0.847
-0.861
-0.897
-0.854
-0.912
-0.847
-0.818
-0.804
-0.919
-0.876
-0.811
-0.761
-0.912
-0.890
-0.904
-0.890
-0.818
-0.904
-0.775
-0.761
-0.847
-0.926
-0.818
-0.854
-0.876
-0.804
-0.797
-0.890
-0.861
-0.869
-0.890
-0.811
-0.869
-0.869
-0.847
-0.826
-0.797
-0.818
-0.883
-0.912
-0.854
-0.897
-0.847
-0.833
-0.847
-0.826
-0.876
-0.861
-0.876
-0.840
-0.897
-0.926
-0.854
-0.840
-0.890
-0.847
-0.811
-0.761
-0.826
-0.833
-0.768
-0.861
-0.883
-0.790
-0.840
-0.833
-0.833
-0.840
-0.804
-0.876
-0.940
-0.919
-0.840
-0.811
-0.840
-0.833
-0.804
-0.811
-0.840
-0.869
-0.840
-0.797
-0.826
-0.869
-0.847
-0.847
-0.869
-0.818
-0.861
-0.904
-0.854
-0.912
-0.747
-0.919
-0.869
-0.861
-0.826
-0.876
-0.876
-0.768
-0.854
-0.833
-0.897
-0.826
-0.833
-0.933
-0.847
-0.782
-0.912
-0.912
-0.811
-0.854
-0.818
-0.876
-0.897
-0.861
-0.754
-0.883
-0.818
-0.883
-0.826
-0.869
-0.804
-0.854
-0.869
-0.854
-0.790
-0.775
-0.869
-0.804
-0.818
-0.804
-0.804
-0.897
-0.883
-0.811
-0.818
-0.797
-0.761
-0.840
-0.840
-0.797
-0.840
-0.883
-0.897
-0.904
-0.833
-0.869
-0.833
-0.768
-0.854
-0.847
-0.761
-0.775
-0.890
-0.782
-0.861
-0.790
-0.904
-0.861
-0.890
-0.861
-0.890
-0.869
-0.883
-0.861
-0.861
-0.790
-0.840
-0.782
-0.854
-0.826
-0.876
-0.790
-0.883
-0.869
-0.804
-0.854
-0.833
-0.861
-0.869
-0.833
-0.790
-0.861
-0.840
-0.854
-0.847
-0.890
-0.948
-0.847
-0.761
-0.904
-0.833
-0.854
-0.804
-0.840
-0.869
-0.854
-0.847
-0.897
-0.955
-0.797
-0.804
-0.854
-0.818
-0.854
-0.861
-0.876
-0.890
-0.739
-0.804
-0.854
-0.804
-0.847
-0.890
-0.782
-0.833
-0.904
-0.869
-0.833
-0.876
-0.811
-0.811
-0.818
-0.826
-0.818
-0.790
-0.775
-0.869
-0.847
-0.919
-0.840
-0.854
-0.782
-0.840
-0.775
-0.912
-0.833
-0.869
-0.883
-0.840
-0.826
-0.797
-0.840
-0.818
-0.833
-0.818
-0.818
-0.833
-0.725
-0.782
-0.840
-0.876
-0.876
-0.818
-0.797
-0.826
-0.782
-0.747
-0.826
-0.847
-0.854
-0.847
-0.818
-0.833
-0.890
-0.790
-0.811
-0.790
-0.811
-0.818
-0.840
-0.919
-0.790
-0.840
-0.833
-0.804
-0.912
-0.804
-0.912
-0.847
-0.790
-0.818
-0.790
-0.847
-0.826
-0.818
-0.847
-0.761
-0.833
-0.768
-0.890
-0.883
-0.739
-0.761
-0.811
-0.718
-0.826
-0.904
-0.747
-0.775
-0.703
-0.804
-0.869
-0.818
-0.847
-0.847
-0.883
-0.804
-0.833
-0.826
-0.861
-0.696
-0.833
-0.833
-0.811
-0.718
-0.847
-0.818
-0.747
-0.840
-0.768
-0.883
-0.861
-0.847
-0.826
-0.790
-0.768
-0.790
-0.904
-0.826
-0.904
-0.833
-0.782
-0.703
-0.768
-0.840
-0.797
-0.768
-0.797
-0.790
-0.811
-0.804
-0.747
-0.883
-0.833
-0.804
-0.847
-0.861
-0.768
-0.732
-0.833
-0.768
-0.782
-0.775
-0.761
-0.768
-0.818
-0.818
-0.861
-0.797
-0.861
-0.854
-0.790
-0.804
-0.768
-0.883
-0.869
-0.739
-0.869
-0.797
-0.790
-0.761
-0.811
-0.869
-0.797
-0.833
-0.782
-0.761
-0.876
-0.747
-0.790
-0.811
-0.804
-0.818
-0.761
-0.818
-0.818
-0.754
-0.797
-0.768
-0.790
-0.797
-0.854
-0.840
-0.818
-0.797
-0.826
-0.912
-0.833
-0.775
-0.833
-0.847
-0.804
-0.718
-0.811
-0.897
-0.861
-0.811
-0.818
-0.761
-0.840
-0.782
-0.804
-0.854
-0.747
-0.826
-0.782
-0.804
-0.826
-0.818
-0.861
-0.861
-0.833
-0.804
-0.890
-0.782
-0.732
-0.869
-0.854
-0.861
-0.790
-0.804
-0.768
-0.818
-0.775
-0.790
-0.761
-0.775
-0.912
-0.854
-0.818
-0.696
-0.890
-0.904
-0.840
-0.747
-0.768
-0.833
-0.811
-0.811
-0.797
-0.847
-0.790
-0.811
-0.804
-0.761
-0.790
-0.840
-0.754
-0.826
-0.840
-0.754
-0.775
-0.775
-0.811
-0.861
-0.869
-0.761
-0.826
-0.826
-0.833
-0.861
-0.775
-0.761
-0.782
-0.768
-0.797
-0.790
-0.854
-0.754
-0.797
-0.876
-0.826
-0.811
-0.854
-0.869
-0.768
-0.754
-0.754
-0.840
-0.854
-0.711
-0.833
-0.833
-0.840
-0.847
-0.782
-0.811
-0.811
-0.761
-0.739
-0.725
-0.854
-0.790
-0.869
-0.869
-0.797
-0.811
-0.782
-0.782
-0.811
-0.861
-0.768
-0.718
-0.833
-0.869
-0.804
-0.790
-0.883
-0.890
-0.790
-0.754
-0.797
-0.869
-0.768
-0.826
-0.790
-0.811
-0.818
-0.833
-0.833
-0.854
-0.926
-0.847
-0.811
-0.833
-0.883
-0.804
-0.782
-0.775
-0.861
-0.840
-0.826
-0.840
-0.804
-0.804
-0.826
-0.797
-0.754
-0.804
-0.840
-0.768
-0.718
-0.739
-0.761
-0.826
-0.854
-0.840
-0.782
-0.782
-0.775
-0.761
-0.797
-0.782
-0.797
-0.847
-0.790
-0.797
-0.782
-0.833
-0.840
-0.747
-0.790
-0.811
-0.732
-0.725
-0.689
-0.811
-0.718
-0.876
-0.861
-0.797
-0.725
-0.811
-0.811
-0.847
-0.703
-0.840
-0.811
-0.883
-0.826
-0.811
-0.790
-0.869
-0.754
-1.113
-0.768
-0.732
-0.761
-0.818
-0.732
-0.768
-0.854
-0.739
-0.747
-0.826
-0.818
-0.797
-0.739
-0.811
-0.782
-0.632
-0.718
-0.768
-0.826
-0.761
-0.775
-0.747
-0.847
-0.732
-0.782
-0.833
-0.861
-0.782
-0.790
-0.869
-0.811
-0.768
-0.869
-0.840
-0.826
-0.754
-0.761
-0.768
-0.761
-0.826
-0.797
-0.818
-0.732
-0.782
-0.754
-0.861
-0.754
-0.703
-0.782
-0.775
-0.797
-0.775
-0.747
-0.833
-0.754
-0.739
-0.797
-0.747
-0.782
-0.861
-0.668
-0.668
-0.732
-0.725
-0.861
-0.790
-0.754
-0.775
-0.775
-0.790
-0.912
-0.747
-0.861
-0.826
-0.804
-0.854
-0.775
-0.833
-0.754
-0.782
-0.782
-0.754
-0.804
-0.782
-0.818
-0.768
-0.811
-0.797
-0.782
-0.818
-0.833
-0.818
-0.797
-0.747
-0.797
-0.761
-0.754
-0.883
-0.696
-0.775
-0.833
-0.811
-0.876
-0.840
-0.790
-0.739
-0.747
-0.861
-0.840
-0.797
-0.826
-0.732
-0.797
-0.840
-0.775
-0.833
-0.811
-0.790
-0.890
-0.869
-0.768
-0.826
-0.775
-0.811
-0.804
-0.790
-0.754
-0.754
-0.689
-0.711
-0.768
-0.847
-0.747
-0.840
-0.861
-0.725
-0.847
-0.804
-0.725
-0.854
-0.797
-0.790
-0.747
-0.847
-0.782
-0.768
-0.761
-0.768
-0.790
-0.854
-0.861
-0.847
-0.804
-0.782
-0.739
-0.811
-0.818
-0.826
-0.754
-0.754
-0.847
-0.797
-0.768
-0.811
-0.826
-0.869
-0.761
-0.703
-0.696
-0.790
-0.739
-0.797
-0.739
-0.775
-0.754
-0.689
-0.775
-0.632
-0.883
-0.725
-0.940
-0.768
-0.725
-0.833
-0.833
-0.725
-0.790
-0.768
-0.811
-0.732
-0.682
-0.775
-0.804
-0.711
-0.761
-0.797
-0.718
-0.761
-0.725
-0.782
-0.711
-0.840
-0.761
-0.739
-0.768
-0.768
-0.847
-0.818
-0.689
-0.804
-0.897
-0.718
-0.840
-0.890
-0.833
-0.761
-0.739
-0.811
-0.811
-0.747
-0.696
-0.804
-0.919
-0.804
-0.703
-0.761
-0.811
-0.826
-0.739
-0.718
-0.739
-0.833
-0.840
-0.761
-0.775
-0.811
-0.725
-0.826
-0.747
-0.840
-0.761
-0.782
-0.782
-0.754
-0.818
-0.790
-0.747
-0.790
-0.682
-0.833
-0.847
-0.761
-0.797
-0.775
-0.732
-0.761
-0.768
-0.768
-0.926
-0.811
-0.725
-0.797
-0.869
-0.675
-0.775
-0.811
-0.775
-0.732
-0.718
-0.904
-0.718
-0.775
-0.625
-0.833
-0.790
-0.775
-0.847
-0.761
-0.854
-0.940
-0.840
-0.826
-0.718
-0.804
-0.818
-0.739
-0.718
-0.782
-0.589
-0.833
-0.739
-0.797
-0.847
-0.732
-0.718
-0.754
-0.804
-0.696
-0.754
-0.761
-0.761
-0.718
-0.725
-0.876
-0.703
-0.797
-0.797
-0.725
-0.797
-0.804
-0.761
-0.833
-0.747
-0.811
-0.761
-0.818
-0.790
-0.703
-0.797
-0.833
-0.732
-0.782
-0.782
-0.811
-0.754
-0.797
-0.689
-0.739
-0.747
-0.725
-0.761
-0.797
-0.811
-0.754
-0.797
-0.790
-0.754
-0.847
-0.732
-0.632
-0.725
-0.732
-0.782
-0.811
-0.782
-0.732
-0.711
-0.790
-0.747
-0.804
-0.739
-0.775
-0.790
-0.754
-0.790
-0.739
-0.754
-0.790
-0.797
-0.725
-0.725
-0.804
-0.768
-0.754
-0.811
-0.775
-0.811
-0.768
-0.775
-0.754
-0.826
-0.725
-0.797
-0.668
-0.775
-0.804
-0.768
-0.797
-0.782
-0.797
-0.682
-0.725
-0.790
-0.847
-1.795
-1.859
-1.881
-1.909
-1.874
-1.909
-1.909
-1.888
-1.874
-1.953
-1.888
-1.874
-1.888
-1.960
-1.909
-1.960
-1.917
-1.866
-1.909
-1.881
-1.859
-1.874
-1.888
-1.881
-1.874
-1.895
-1.859
-1.895
-1.874
-1.917
-1.866
-1.909
-1.909
-2.010
-1.917
-1.981
-1.874
-1.859
-1.888
-1.859
-1.909
-1.924
-1.888
-1.917
-1.981
-1.960
-1.895
-1.924
-1.945
-1.888
-1.881
-1.931
-1.909
-1.859
-1.866
-1.960
-1.938
-1.960
-1.996
-1.974
-1.866
-1.917
-1.881
-1.881
-1.974
-1.996
-1.895
-1.888
-1.953
-1.945
-1.938
-1.866
-1.895
-1.945
-1.931
-1.909
-1.924
-1.931
-1.974
-1.866
-1.967
-2.211
-2.024
-1.938
-1.881
-1.859
-1.938
-1.895
-1.881
-1.981
-2.003
-1.945
-1.874
-1.996
-1.874
-1.953
-1.938
-1.967
-2.125
-1.938
-2.010
-1.967
-1.960
-1.967
-1.881
-1.996
-1.931
-1.917
-1.967
-1.988
-1.967
-1.866
-1.895
-1.996
-1.917
-2.010
-1.909
-1.895
-2.003
-2.082
-2.039
-1.874
-1.953
-2.032
-1.888
-1.938
-1.988
-2.010
-1.938
-1.909
-1.981
-1.996
-1.874
-1.888
-1.938
-1.945
-2.003
-1.895
-1.902
-1.938
-1.945
-1.981
-1.924
-1.888
-1.931
-1.881
-1.967
-1.924
-1.881
-1.974
-1.967
-1.931
-1.945
-1.931
-1.967
-1.924
-2.032
-1.981
-1.981
-1.895
-1.938
-1.953
-2.003
-1.953
-1.924
-1.967
-2.024
-1.888
-1.931
-2.032
-1.945
-1.938
-1.981
-1.996
-1.931
-1.996
-2.046
-2.053
-1.996
-1.931
-2.046
-1.988
-2.017
-2.017
-2.003
-1.881
-1.967
-1.996
-2.024
-1.988
-1.902
-1.895
-1.974
-1.996
-1.917
-2.039
-2.039
-1.917
-1.909
-2.010
-2.010
-1.895
-2.046
-1.974
-2.017
-2.060
-2.039
-1.938
-2.024
-1.909
-1.974
-1.960
-2.039
-2.017
-1.938
-2.060
-2.046
-1.953
-1.938
-1.931
-2.132
-2.003
-1.981
-1.953
-1.960
-2.067
-2.039
-2.017
-1.924
-2.032
-1.981
-1.945
-1.960
-1.981
-1.924
-1.996
-2.017
-2.003
-2.003
-1.981
-2.003
-1.960
-1.909
-2.003
-2.032
-1.945
-2.046
-1.988
-2.082
-1.924
-1.917
-2.089
-2.017
-1.996
-1.960
-1.967
-2.110
-2.003
-1.953
-1.974
-1.917
-2.046
-2.103
-2.032
-1.931
-2.053
-2.032
-2.024
-1.967
-1.988
-2.060
-1.953
-1.981
-2.039
-1.988
-2.060
-2.010
-1.988
-2.032
-2.110
-2.046
-1.996
-1.960
-1.988
-2.024
-2.032
-2.060
-2.003
-2.139
-2.039
-1.974
-2.024
-2.046
-2.032
-2.003
-2.010
-1.895
-2.096
-1.981
-2.046
-2.046
-2.082
-2.075
-2.010
-2.032
-2.139
-2.075
-1.967
-2.024
-2.024
-2.010
-2.053
-2.003
-2.046
-1.974
-2.039
-2.146
-2.039
-2.046
-2.017
-2.139
-2.082
-1.996
-2.103
-1.945
-2.010
-2.067
-1.953
-2.003
-1.967
-2.139
-2.024
-1.996
-2.046
-2.024
-2.096
-2.067
-2.132
-2.089
-2.067
-1.996
-2.032
-2.168
-1.996
-2.053
-2.053
-2.060
-2.032
-2.017
-1.974
-2.017
-2.383
-2.110
-2.075
-1.967
-2.053
-2.139
-1.974
-2.075
-2.053
-2.075
-2.053
-2.053
-2.024
-1.996
-2.082
-2.204
-2.032
-1.924
-1.967
-2.032
-2.017
-2.082
-2.067
-2.024
-2.103
-2.268
-1.974
-2.168
-2.075
-2.003
-2.017
-2.096
-2.075
-2.082
-2.125
-2.046
-2.046
-2.017
-2.010
-2.067
-2.082
-2.082
-2.075
-2.082
-1.996
-2.060
-2.024
-2.103
-2.075
-2.096
-2.067
-2.154
-2.039
-2.010
-2.096
-2.103
-1.974
-1.917
-2.060
-2.046
-2.032
-1.974
-2.067
-2.003
-2.032
-2.103
-2.046
-1.967
-2.053
-2.082
-2.075
-2.067
-2.103
-2.067
-2.082
-2.032
-2.024
-2.139
-2.032
-1.988
-2.024
-2.118
-2.024
-2.024
-2.060
-2.118
-2.089
-2.053
-2.132
-2.010
-2.032
-2.182
-2.032
-2.132
-2.139
-2.139
-2.089
-2.096
-2.132
-2.118
-2.046
-2.010
-2.118
-2.089
-2.032
-2.110
-2.154
-2.010
-2.060
-1.960
-2.075
-2.154
-2.082
-2.053
-2.096
-2.046
-2.139
-2.132
-2.067
-2.046
-2.039
-2.154
-2.146
-2.154
-2.075
-2.096
-2.132
-2.125
-2.154
-2.103
-2.110
-2.132
-2.075
-2.089
-2.125
-2.103
-1.967
-2.053
-2.118
-2.139
-1.996
-2.132
-2.110
-2.175
-2.067
-2.075
-2.161
-2.075
-1.996
-2.139
-2.075
-2.110
-2.082
-2.096
-2.103
-2.118
-2.017
-2.096
-2.161
-2.096
-2.032
-2.067
-2.204
-2.089
-2.046
-2.110
-2.067
-2.060
-2.010
-2.032
-2.096
-2.146
-2.118
-2.096
-2.046
-2.103
-2.017
-2.110
-2.046
-2.082
-2.060
-2.132
-2.125
-2.089
-2.082
-2.053
-2.125
-2.125
-2.089
-2.103
-2.154
-2.060
-2.089
-2.089
-2.168
-2.075
-2.046
-2.154
-2.139
-2.053
-2.032
-2.096
-2.154
-2.032
-2.089
-2.039
-2.067
-2.053
-2.067
-2.125
-2.032
-2.053
-2.096
-2.146
-2.118
-2.103
-2.154
-2.125
-2.024
-2.075
-2.125
-2.139
-2.103
-2.118
-2.125
-2.118
-2.139
-2.146
-2.096
-2.139
-2.103
-1.996
-2.139
-2.024
-2.060
-2.125
-2.060
-2.146
-2.132
-2.053
-2.175
-2.204
-2.146
-2.096
-2.103
-2.139
-2.089
-2.132
-2.139
-2.053
-2.118
-2.118
-2.146
-2.161
-2.082
-2.154
-2.082
-2.110
-2.053
-2.053
-2.110
-2.017
-2.067
-2.139
-2.146
-2.125
-2.132
-2.125
-2.132
-2.125
-2.146
-2.175
-2.125
-2.096
-2.103
-2.067
-2.053
-2.096
-2.125
-2.139
-2.046
-2.103
-2.110
-2.118
-2.139
-2.132
-2.146
-2.197
-2.089
-2.125
-2.089
-2.139
-2.204
-2.082
-2.161
-2.132
-2.161
-2.110
-2.161
-2.175
-2.046
-2.075
-2.175
-2.211
-2.146
-2.060
-2.175
-2.039
-2.075
-2.211
-2.168
-2.103
-2.060
-2.161
-2.139
-2.182
-2.197
-2.189
-2.110
-2.060
-2.161
-2.110
-2.082
-2.125
-2.146
-2.139
-2.082
-2.067
-2.175
-2.146
-2.082
-2.161
-2.075
-2.154
-2.096
-2.075
-2.118
-2.096
-2.075
-2.168
-2.175
-1.974
-2.039
-2.154
-2.211
-2.146
-2.247
-2.103
-2.096
-2.146
-2.132
-2.197
-2.125
-2.082
-2.197
-2.175
-2.161
-2.089
-2.139
-2.182
-2.182
-2.103
-2.175
-2.175
-2.096
-2.096
-2.168
-2.168
-2.146
-2.082
-2.175
-2.103
-2.204
-2.096
-2.125
-2.211
-2.211
-2.139
-2.182
-2.132
-2.168
-2.125
-2.060
-2.204
-2.146
-2.089
-2.118
-2.233
-2.132
-2.096
-2.075
-2.168
-2.154
-2.110
-2.082
-2.211
-2.139
-2.089
-2.096
-2.082
-2.182
-2.139
-2.154
-2.039
-2.189
-2.103
-2.060
-2.175
-2.132
-2.218
-2.132
-2.161
-2.197
-2.154
-2.003
-2.103
-2.132
-2.046
-2.046
-2.175
-2.110
-2.110
-2.103
-2.211
-2.096
-2.089
-2.161
-2.175
-2.118
-2.103
-2.132
-2.197
-2.125
-2.175
-2.139
-2.175
-2.175
-2.132
-2.139
-2.189
-2.161
-2.146
-2.075
-2.139
-2.125
-2.060
-2.204
-2.146
-2.096
-2.089
-2.218
-2.225
-2.139
-2.240
-2.168
-2.096
-2.154
-2.067
-2.132
-2.168
-2.204
-2.161
-2.197
-2.146
-2.168
-2.110
-2.197
-2.175
-2.139
-2.175
-2.146
-2.233
-2.182
-2.110
-2.125
-2.204
-2.146
-2.125
-2.118
-2.204
-2.060
-2.154
-2.233
-2.125
-2.110
-2.053
-2.197
-2.211
-2.139
-2.110
-2.082
-2.225
-2.139
-2.154
-2.175
-2.168
-2.039
-2.053
-2.132
-2.211
-2.175
-2.211
-2.110
-2.175
-2.139
-2.132
-2.182
-2.132
-2.154
-2.139
-2.247
-2.182
-2.168
-2.189
-2.175
-2.118
-2.096
-2.161
-2.182
-2.168
-2.189
-2.168
-2.110
-2.125
-2.139
-2.154
-2.110
-2.110
-2.197
-2.132
-2.189
-2.168
-2.182
-2.110
-2.154
-2.139
-2.204
-2.204
-2.096
-2.197
-2.211
-2.189
-2.197
-2.168
-2.146
-2.082
-2.082
-2.125
-2.283
-2.204
-2.132
-2.189
-2.204
-2.168
-2.132
-2.211
-2.233
-2.189
-2.082
-2.189
-2.161
-2.139
-2.225
-2.175
-2.168
-2.161
-2.139
-2.175
-2.146
-2.139
-2.204
-2.204
-2.118
-2.189
-2.139
-2.182
-2.161
-2.146
-2.189
-2.204
-2.146
-2.189
-2.189
-2.182
-2.082
-2.139
-2.161
-2.103
-2.118
-2.154
-2.139
-2.189
-2.125
-2.189
-2.182
-2.247
-2.118
-2.247
-2.189
-2.132
-2.175
-2.168
-2.182
-2.139
-2.168
-2.254
-2.225
-2.146
-2.233
-2.218
-2.233
-2.154
-2.175
-2.211
-2.197
-2.110
-2.161
-2.204
-2.146
-2.161
-2.161
-2.182
-2.168
-2.197
-2.204
-2.110
-2.175
-2.161
-2.175
-2.125
-2.175
-2.204
-2.197
-2.175
-2.197
-2.132
-2.154
-2.089
-2.139
-2.110
-2.175
-2.204
-2.139
-2.233
-2.139
-2.197
-2.175
-2.254
-2.197
-2.211
-2.197
-2.168
-2.261
-2.168
-2.240
-2.067
-2.189
-2.067
-2.182
-2.197
-2.161
-2.075
-2.168
-2.254
-2.218
-2.118
-2.182
-2.182
-2.146
-2.139
-2.146
-2.189
-2.168
-2.197
-2.211
-2.204
-2.161
-2.168
-2.204
-2.197
-2.175
-2.118
-2.182
-2.139
-2.082
-2.110
-2.254
-2.211
-2.218
-2.240
-2.204
-2.139
-2.204
-2.182
-2.204
-2.197
-2.240
-2.218
-2.189
-2.175
-2.132
-2.189
-2.161
-2.168
-2.175
-2.146
-2.125
-2.125
-2.268
-2.175
-2.139
-2.125
-2.233
-2.175
-2.211
-2.161
-2.125
-2.218
-2.096
-2.154
-2.333
-2.182
-2.118
-2.161
-2.211
-2.161
-2.010
-2.154
-2.175
-2.197
-2.211
-2.189
-2.189
-2.161
-2.182
-2.146
-2.189
-2.161
-2.139
-2.197
-2.204
-2.060
-2.125
-2.154
-2.247
-2.125
-2.254
-2.182
-2.089
-2.139
-2.218
-2.240
-2.154
-2.189
-2.247
-2.225
-2.175
-2.154
-2.175
-2.204
-2.254
-2.197
-2.204
-2.204
-2.211
-2.276
-2.197
-2.261
-2.175
-2.189
-2.290
-2.204
-2.225
-2.132
-2.146
-2.247
-2.146
-2.175
-2.189
-2.240
-2.168
-2.218
-2.197
-2.132
-2.132
-2.225
-2.154
-2.182
-2.175
-2.233
-2.283
-2.182
-2.161
-2.139
-2.254
-2.254
-2.240
-2.233
-2.261
-2.189
-2.304
-2.175
-2.247
-2.189
-2.175
-2.247
-2.240
-2.197
-2.154
-2.225
-2.175
-2.182
-2.218
-2.225
-2.290
-2.225
-2.103
-2.268
-2.218
-2.182
-2.125
-2.204
-2.161
-2.182
-2.240
-2.139
-2.189
-2.146
-2.276
-2.175
-2.096
-2.175
-2.189
-2.197
-2.154
-2.161
-2.326
-2.268
-2.240
-2.233
-2.139
-2.247
-2.204
-2.146
-2.204
-2.189
-2.197
-2.247
-2.103
-2.254
-2.254
-2.233
-2.218
-2.168
-2.146
-2.189
-2.225
-2.082
-2.218
-2.146
-2.211
-2.154
-2.204
-2.211
-2.197
-2.261
-2.182
-2.154
-2.225
-2.132
-2.189
-2.211
-2.197
-2.132
-2.261
-2.240
-2.154
-2.175
-2.247
-2.247
-2.182
-2.197
-2.247
-2.204
-2.161
-2.197
-2.261
-2.189
-2.175
-2.161
-2.240
-2.139
-2.182
-2.182
-2.218
-2.197
-2.182
-2.139
-2.233
-2.233
-2.197
-2.175
-2.211
-2.218
-2.218
-2.211
-2.233
-2.211
-2.211
-2.125
-2.233
-2.247
-2.197
-2.161
-2.225
-2.197
-2.254
-2.211
-2.197
-2.182
-2.197
-2.125
-2.233
-2.233
-2.254
-2.189
-2.254
-2.197
-2.161
-2.168
-2.261
-2.168
-2.197
-2.175
-2.240
-2.146
-2.204
-2.268
-2.211
-2.225
-2.182
-2.233
-2.182
-2.247
-2.118
-2.218
-2.204
-2.182
-2.211
-2.233
-2.240
-2.125
-2.218
-2.211
-2.154
-2.211
-2.211
-2.146
-2.161
-2.139
-2.204
-2.304
-2.175
-2.247
-2.146
-2.225
-2.261
-2.197
-2.146
-2.225
-2.182
-2.182
-2.182
-2.168
-2.261
-2.204
-2.233
-2.161
-2.161
-2.211
-2.146
-2.225
-2.139
-2.240
-2.283
-2.189
-2.168
-2.233
-2.233
-2.218
-2.197
-2.154
-2.225
-2.225
-2.204
-2.132
-2.233
-2.175
-2.240
-2.161
-2.197
-2.197
-2.283
-2.103
-2.268
-2.204
-2.225
-2.168
-2.197
-2.175
-2.182
-2.225
-2.233
-2.283
-2.218
-2.218
-2.240
-2.182
-2.154
-2.161
-2.218
-2.218
-2.261
-2.276
-2.182
-2.254
-2.132
-2.283
-2.182
-2.110
-2.168
-2.161
-2.175
-2.233
-2.218
-2.268
-2.290
-2.197
-2.089
-2.197
-2.225
-2.225
-2.283
-2.225
-2.161
-2.197
-2.204
-2.225
-2.261
-2.182
-2.204
-2.211
-2.225
-2.233
-2.182
-2.161
-2.254
-2.218
-2.161
-2.268
-2.225
-2.103
-2.254
-2.197
-2.175
-2.218
-2.168
-2.283
-2.168
-2.139
-2.204
-2.283
-2.168
-2.247
-2.254
-2.168
-2.247
-2.189
-2.240
-2.168
-2.204
-2.290
-2.290
-2.189
-2.175
-2.175
-2.211
-2.154
-2.161
-2.268
-2.290
-2.182
-2.175
-2.211
-2.276
-2.254
-2.146
-2.154
-2.175
-2.197
-2.261
-2.233
-2.240
-2.254
-2.225
-2.225
-2.254
-2.168
-2.211
-2.218
-2.211
-2.218
-2.161
-2.283
-2.297
-2.240
-2.168
-2.189
-2.247
-2.132
-2.218
-2.218
-2.247
-2.247
-2.290
-2.240
-2.211
-2.075
-2.268
-2.197
-2.204
-2.197
-2.118
-2.189
-2.211
-2.254
-2.218
-2.261
-2.182
-2.355
-2.139
-2.218
-2.132
-2.154
-2.161
-2.182
-2.276
-2.247
-2.355
-2.347
-2.161
-2.218
-2.218
-2.247
-2.189
-2.082
-2.240
-2.218
-2.283
-2.268
-2.254
-2.218
-2.211
-2.168
-2.254
-2.211
-2.204
-2.240
-2.175
-2.211
-2.268
-2.110
-2.218
-2.326
-2.189
-2.182
-2.211
-2.347
-2.340
-2.218
-2.154
-2.276
-2.240
-2.261
-2.240
-2.139
-2.261
-2.225
-2.154
-2.240
-2.254
-2.247
-2.211
-2.211
-2.347
-2.204
-2.175
-2.283
-2.189
-2.254
-2.276
-2.175
-2.218
-2.261
-2.204
-2.276
-2.218
-2.146
-2.326
-2.175
-2.268
-2.189
-2.154
-2.225
-2.268
-2.197
-2.225
-2.304
-2.261
-2.254
-2.175
-2.261
-2.290
-2.211
-2.204
-2.261
-2.154
-2.211
-2.283
-2.297
-2.304
-2.132
-2.175
-2.276
-2.268
-1.967
-2.204
-2.383
-2.261
-2.182
-2.240
-2.161
-2.290
-2.261
-2.304
-2.189
-2.225
-2.189
-2.304
-2.218
-2.261
-2.175
-2.233
-2.161
-2.197
-2.261
-2.261
-2.218
-2.168
-2.168
-2.319
-2.240
-2.261
-2.240
-2.161
-2.218
-2.233
-2.276
-2.290
-2.261
-2.225
-2.254
-2.319
-2.240
-2.161
-2.268
-2.276
-2.247
-2.211
-2.175
-2.304
-2.218
-2.240
-2.362
-2.254
-2.218
-2.211
-2.211
-2.276
-2.268
-2.247
-2.268
-2.225
-2.211
-2.261
-2.319
-2.261
-2.175
-2.283
-2.276
-2.211
-2.204
-2.276
-2.168
-2.276
-2.268
-2.211
-2.261
-2.161
-2.168
-2.268
-2.175
-2.233
-2.204
-2.276
-2.233
-2.240
-2.233
-2.261
-2.240
-2.276
-2.290
-2.218
-2.247
-2.261
-2.240
-2.261
-2.211
-2.290
-2.254
-2.290
-2.189
-2.197
-2.218
-2.225
-2.218
-2.175
-2.268
-2.304
-2.204
-2.268
-2.225
-2.290
-2.218
-2.240
-2.240
-2.283
-2.197
-2.304
-2.175
-2.254
-2.254
-2.240
-2.175
-2.319
-2.247
-2.261
-2.168
-2.225
-2.254
-2.197
-2.218
-2.247
-2.204
-2.254
-2.182
-2.319
-2.175
-2.211
-2.211
-2.297
-2.182
-2.261
-2.268
-2.233
-2.204
-2.254
-2.283
-2.290
-2.211
-2.247
-2.290
-2.146
-2.204
-2.218
-2.247
-2.146
-2.254
-2.276
-2.233
-2.240
-2.189
-2.197
-2.268
-2.175
-2.276
-2.268
-2.233
-2.197
-2.276
-2.204
-2.218
-2.197
-2.247
-2.211
-2.261
-2.218
-2.247
-2.290
-2.204
-2.254
-2.225
-2.240
-2.233
-2.261
-2.254
-2.204
-2.154
-2.254
-2.297
-2.261
-2.240
-2.233
-2.225
-2.290
-2.168
-2.225
-2.218
-2.326
-2.254
-2.283
-2.311
-2.247
-2.276
-2.204
-2.311
-2.218
-2.254
-2.218
-2.240
-2.233
-2.218
-2.276
-2.197
-2.218
-2.204
-2.211
-2.197
-2.218
-2.189
-2.340
-2.189
-2.268
-2.218
-2.189
-2.225
-2.225
-2.247
-2.233
-2.175
-2.168
-2.261
-2.304
-2.204
-2.283
-2.240
-2.240
-2.233
-2.225
-2.218
-2.233
-2.261
-2.261
-2.261
-2.211
-2.261
-2.276
-2.225
-2.182
-2.197
-2.311
-2.218
-2.319
-2.297
-2.225
-2.197
-2.168
-2.204
-2.233
-2.175
-2.168
-2.304
-2.283
-2.168
-2.247
-2.276
-2.225
-2.197
-2.204
-2.254
-2.225
-2.197
-2.189
-2.268
-2.261
-2.247
-2.254
-2.319
-2.290
-2.211
-2.197
-2.233
-2.297
-2.175
-2.197
-2.283
-2.132
-2.290
-2.283
-2.268
-2.204
-2.189
-2.276
-2.189
-2.297
-2.247
-2.326
-2.175
-2.189
-2.261
-2.211
-2.211
-2.261
-2.240
-2.161
-2.218
-2.211
-2.218
-2.254
-2.211
-2.240
-2.189
-2.304
-2.290
-2.175
-2.290
-2.189
-2.304
-2.254
-2.297
-2.297
-2.319
-2.276
-2.204
-2.254
-2.247
-2.197
-2.233
-2.290
-2.225
-2.197
-2.189
-2.340
-2.233
-2.197
-2.268
-2.233
-2.297
-2.261
-2.211
-2.268
-2.240
-2.139
-2.268
-2.290
-2.254
-2.261
-2.218
-2.197
-2.175
-2.283
-2.290
-2.326
-2.261
-2.254
-2.233
-2.225
-2.197
-2.311
-2.290
-2.254
-2.304
-2.146
-2.304
-2.261
-2.276
-2.225
-2.225
-2.175
-2.204
-2.261
-2.225
-2.211
-2.261
-2.168
-2.247
-2.175
-2.290
-2.340
-2.182
-2.197
-2.283
-2.290
-2.189
-2.247
-2.240
-2.204
-2.333
-2.139
-2.146
-2.297
-2.276
-2.304
-2.261
-2.247
-2.261
-2.204
-2.247
-2.333
-2.225
-2.146
-2.204
-2.197
-2.276
-2.218
-2.240
-2.283
-2.268
-2.247
-2.175
-2.218
-2.311
-2.268
-2.211
-2.254
-2.182
-2.254
-2.189
-2.283
-2.290
-2.182
-2.326
-2.290
-2.326
-2.276
-2.268
-2.161
-2.197
-2.283
-2.254
-2.254
-2.197
-2.383
-2.247
-2.233
-2.276
-2.290
-2.233
-2.233
-2.254
-2.233
-2.197
-2.268
-2.283
-2.197
-2.261
-2.218
-2.383
-2.333
-2.311
-2.189
-2.175
-2.233
-2.218
-2.204
-2.333
-2.247
-2.268
-2.197
-2.233
-2.347
-2.240
-2.218
-2.261
-2.197
-2.276
-2.225
-2.276
-2.326
-2.197
-2.276
-2.319
-2.218
-2.283
-2.168
-2.240
-2.276
-2.240
-2.161
-2.276
-2.182
-2.233
-2.398
-2.261
-2.254
-2.240
-2.355
-2.197
-2.283
-2.297
-2.276
-2.182
-2.304
-2.290
-2.204
-2.247
-2.218
-2.268
-2.182
-2.326
-2.319
-2.233
-2.233
-2.268
-2.319
-2.189
-2.304
-2.319
-2.268
-2.276
-2.276
-2.225
-2.218
-2.304
-2.347
-2.240
-2.268
-2.326
-2.261
-2.233
-2.268
-2.268
-2.233
-2.233
-2.319
-2.261
-2.225
-2.218
-2.168
-2.297
-2.240
-2.189
-2.311
-2.168
-2.261
-2.268
-2.290
-2.211
-2.276
-2.204
-2.297
-2.233
-2.261
-2.304
-2.319
-2.247
-2.182
-2.340
-2.261
-2.304
-2.297
-2.297
-2.225
-2.347
-2.383
-2.333
-2.233
-2.139
-2.247
-2.283
-2.240
-2.225
-2.268
-2.340
-2.197
-2.319
-2.268
-2.347
-2.218
-2.304
-2.355
-2.197
-2.319
-2.283
-2.304
-2.268
-2.261
-2.283
-2.240
-2.261
-2.362
-2.204
-2.276
-2.290
-2.204
-2.218
-2.204
-2.290
-2.333
-2.304
-2.139
-2.189
-2.319
-2.204
-2.233
-2.211
-2.261
-2.276
-2.304
-2.240
-2.189
-2.168
-2.311
-2.268
-2.182
-2.276
-2.254
-2.304
-2.204
-2.254
-2.311
-2.261
-2.355
-2.297
-2.276
-2.247
-2.211
-2.218
-2.261
-2.297
-2.297
-2.283
-2.355
-2.247
-2.240
-2.347
-2.233
-2.276
-2.283
-2.276
-2.197
-2.254
-2.304
-2.297
-2.211
-2.268
-2.161
-2.204
-2.268
-2.347
-2.304
-2.225
-2.233
-2.261
-2.233
-2.276
-2.211
-2.225
-2.182
-2.290
-2.283
-2.261
-2.197
-2.225
-2.319
-2.268
-2.290
-2.240
-2.225
-2.319
-2.268
-2.254
-2.326
-2.283
-2.247
-2.347
-2.347
-2.197
-2.319
-2.290
-2.261
-2.297
-2.254
-2.261
-2.182
-2.297
-2.311
-2.247
-2.218
-2.254
-2.347
-2.240
-2.276
-2.268
-2.218
-2.211
-2.204
-2.347
-2.355
-2.247
-2.118
-2.319
-2.268
-2.304
-2.225
-2.319
-2.311
-2.276
-2.319
-2.247
-2.319
-2.189
-2.311
-2.261
-2.233
-2.225
-2.233
-2.347
-2.268
-2.182
-2.211
-2.355
-2.268
-2.283
-2.333
-2.283
-2.297
-2.247
-2.340
-2.225
-2.247
-2.268
-2.311
-2.261
-2.283
-2.340
-2.326
-2.225
-2.261
-2.333
-2.311
-2.218
-2.225
-2.304
0.100
0.072
0.014
0.057
-0.029
0.007
0.050
-0.022
0.007
0.057
0.014
0.022
-0.014
0.050
0.000
-0.007
0.029
-0.022
0.029
0.050
0.093
0.043
0.022
-0.036
0.065
-0.022
0.022
0.000
0.043
-0.029
0.007
-0.036
0.014
0.029
0.029
0.036
0.079
-0.007
-0.007
0.029
-0.007
0.093
-0.022
-0.043
0.050
0.050
-0.014
0.050
0.029
0.072
0.072
0.007
-0.029
0.000
-0.007
-0.022
-0.036
0.000
-0.014
0.000
0.029
-0.029
0.000
0.050
0.122
0.036
0.007
-0.036
0.000
0.007
0.057
-0.036
0.022
0.036
0.108
0.072
0.079
-0.007
0.022
-0.022
0.029
0.036
0.000
-0.022
0.050
0.043
0.050
0.022
0.072
0.014
0.014
-0.014
-0.029
0.022
0.022
0.029
0.007
0.007
0.036
0.029
0.014
0.029
-0.022
0.072
0.029
0.100
-0.022
-0.007
-0.022
0.086
0.007
-0.007
0.057
0.043
0.065
0.000
0.007
0.014
0.014
0.000
0.014
0.007
0.036
0.036
0.029
-0.022
0.043
0.086
0.100
0.007
-0.022
-0.014
0.100
0.057
0.093
0.007
0.014
0.129
0.072
0.079
0.100
0.057
-0.029
0.057
0.057
0.050
0.036
0.065
-0.022
-0.014
0.022
0.014
0.050
0.050
0.029
0.093
-0.014
-0.029
0.100
0.029
-0.014
0.022
0.057
0.014
0.072
0.050
0.000
0.007
0.029
0.029
0.050
0.014
-0.014
-0.007
0.043
-0.007
-0.022
0.057
0.108
-0.007
0.029
0.057
-0.014
0.036
-0.022
0.065
0.050
0.079
0.000
-0.007
0.000
0.100
0.086
0.072
0.043
0.000
0.007
0.050
0.043
0.022
-0.014
0.065
0.022
0.029
0.057
0.057
0.072
0.007
0.029
-0.014
0.043
0.029
0.093
0.057
0.036
-0.029
0.036
0.029
0.057
-0.014
-0.007
0.086
0.057
-0.014
0.029
0.014
-0.014
0.036
0.079
0.022
0.029
0.022
0.093
-0.014
0.014
0.108
0.022
0.022
0.036
0.072
0.014
-0.036
0.057
-0.007
0.007
-0.007
-0.029
-0.014
0.072
0.115
0.036
0.029
0.022
0.022
-0.007
-0.007
-0.007
0.014
0.007
0.057
-0.022
0.036
0.086
0.022
0.050
0.029
0.093
0.036
-0.014
0.065
0.057
-0.029
0.036
0.115
0.050
0.014
-0.022
0.029
0.072
0.029
0.014
0.065
0.043
0.065
-0.007
0.000
0.043
0.000
0.079
0.029
0.065
-0.022
0.014
0.151
0.043
0.022
-0.014
-0.007
0.115
0.100
-0.022
-0.014
0.093
0.043
0.014
0.086
-0.029
0.000
0.022
0.093
0.022
0.007
0.029
0.065
0.036
0.086
0.036
0.036
0.000
0.014
0.007
0.029
-0.007
-0.014
0.100
0.065
0.129
0.050
0.007
0.065
-0.029
0.108
0.043
0.072
0.043
-0.014
-0.014
0.108
0.014
0.065
0.036
0.014
0.079
0.122
0.050
0.007
0.022
0.036
0.050
0.050
0.014
0.029
0.086
-0.007
0.014
0.072
0.079
0.072
0.129
0.079
0.029
-0.014
0.100
0.036
0.050
0.043
0.007
0.036
0.007
0.065
0.007
-0.022
-0.007
0.007
0.043
0.100
0.050
0.022
0.079
0.000
-0.007
0.022
0.022
0.086
0.065
0.050
0.014
0.050
-0.007
0.014
0.122
0.022
0.065
0.007
0.057
-0.007
0.007
0.050
0.022
0.029
0.108
0.036
-0.007
-0.022
0.079
0.007
0.093
0.072
0.007
-0.007
0.029
0.029
0.065
0.172
0.043
0.000
0.043
0.108
0.043
0.086
0.000
0.000
-0.014
0.057
0.043
0.029
0.022
0.000
0.057
0.065
0.100
0.043
0.043
0.050
0.036
0.108
0.057
0.014
0.057
0.000
0.029
0.050
0.050
0.093
0.079
0.043
0.057
0.007
0.072
0.108
0.043
0.000
-0.007
0.057
0.115
0.100
0.014
0.036
0.036
0.036
0.086
0.072
0.065
0.057
0.036
-0.007
0.065
0.108
0.086
0.043
0.065
0.022
0.022
-0.014
0.029
0.036
0.043
0.072
0.050
0.043
0.086
-0.014
0.014
0.036
0.115
0.165
0.057
-0.022
0.057
0.072
0.136
0.043
0.057
0.000
0.072
0.050
0.093
0.100
0.100
0.065
0.043
0.144
0.036
0.122
0.007
0.029
0.050
0.072
0.065
0.122
0.029
0.022
0.000
0.029
0.029
0.057
0.057
-0.007
0.072
0.029
0.115
0.000
-0.029
-0.022
0.057
0.093
0.050
0.065
0.022
0.065
-0.014
0.036
0.007
0.050
0.065
-0.007
0.079
0.014
0.065
0.007
0.050
0.036
0.022
0.079
0.014
0.050
0.029
0.065
0.050
-0.014
-0.022
-0.007
0.007
0.079
-0.007
0.179
0.086
0.100
0.043
0.050
0.007
0.036
0.022
0.100
0.079
0.122
0.072
0.000
0.029
0.100
0.108
0.007
0.065
-0.007
0.043
0.108
0.007
0.022
0.057
0.000
0.029
-0.007
0.129
0.043
0.022
0.014
0.072
0.022
0.057
0.079
0.079
0.050
0.050
0.036
0.050
-0.014
0.122
0.065
0.022
0.050
0.007
0.057
0.014
0.029
0.029
0.122
0.065
-0.014
0.043
0.122
-0.007
0.065
0.050
0.065
-0.043
0.115
0.129
0.000
-0.022
-0.029
0.050
0.172
0.079
0.093
0.050
0.057
0.000
0.129
0.079
0.144
0.029
0.115
0.029
0.029
0.065
0.029
0.065
0.043
0.093
0.065
0.057
0.022
0.144
0.022
0.086
0.036
-0.014
0.057
0.000
0.151
-0.014
0.050
0.029
0.057
0.072
0.043
0.086
-0.029
0.000
0.072
-0.007
0.036
0.093
0.029
0.108
0.079
0.050
0.000
0.007
0.000
0.072
0.043
0.065
0.115
0.050
0.000
0.036
0.007
0.007
-0.014
0.057
0.115
0.043
0.086
0.022
0.022
0.007
0.079
-0.007
0.007
0.036
0.007
0.108
0.036
0.043
0.029
0.029
0.057
0.000
0.022
0.115
0.086
0.022
0.065
0.122
0.079
0.079
-0.007
0.065
0.043
0.100
0.057
0.072
0.115
-0.014
0.000
-0.022
0.100
0.065
0.065
0.014
0.000
0.100
0.115
0.029
0.029
0.115
0.100
0.079
0.022
-0.029
0.000
0.050
0.129
0.036
0.108
0.043
0.000
0.065
0.022
0.014
0.050
0.072
0.086
0.043
0.086
0.007
0.172
0.100
0.022
-0.007
0.129
0.136
0.050
0.136
0.093
0.057
0.000
0.065
0.072
0.115
0.036
0.036
0.000
0.007
0.000
0.043
0.086
0.079
0.172
0.050
0.072
0.022
0.029
0.100
0.086
0.050
0.122
0.086
0.129
0.093
-0.022
0.014
0.057
0.022
0.029
0.115
0.029
0.115
0.050
0.050
0.029
0.072
0.029
0.057
-0.007
0.100
0.043
0.093
0.065
0.043
0.115
-0.014
0.043
0.057
0.079
0.072
0.065
0.022
0.072
0.029
0.057
0.086
0.079
0.050
-0.022
0.000
0.007
0.022
-0.014
0.108
0.079
0.007
0.136
-0.022
0.065
0.036
0.057
0.000
0.050
0.072
0.093
0.158
0.036
0.136
0.100
0.057
0.007
0.000
0.065
0.136
0.057
0.072
0.079
0.065
0.079
0.050
0.043
0.036
0.029
0.057
0.007
0.086
0.079
0.036
0.158
0.086
0.065
0.072
-0.022
0.007
0.108
0.115
0.057
0.057
0.122
0.065
0.022
0.007
0.079
0.036
0.014
0.201
0.036
0.065
0.086
0.079
0.093
-0.029
0.057
0.108
0.072
0.014
0.065
0.036
0.065
0.100
0.029
0.050
0.065
0.050
0.100
0.072
0.043
-0.014
0.043
0.022
0.086
0.100
0.072
0.158
0.158
0.036
0.129
0.050
0.057
0.014
-0.007
0.007
0.136
0.072
0.086
0.043
0.136
0.057
0.050
0.014
0.007
0.158
0.093
0.057
0.000
0.065
0.000
0.065
0.036
0.079
0.108
0.115
0.093
0.079
0.029
0.036
0.100
0.036
0.072
0.057
0.079
0.057
0.093
0.122
0.057
0.000
0.007
0.014
-0.007
0.100
0.007
0.072
0.029
0.108
0.079
0.029
0.065
0.086
0.093
0.086
0.122
0.065
0.122
0.144
0.079
0.043
0.122
0.100
0.029
0.115
0.036
0.014
0.065
0.014
0.115
0.086
0.115
0.086
0.065
0.136
0.115
0.072
0.065
0.079
0.100
0.050
0.065
0.022
0.050
0.065
-0.007
0.014
0.057
-0.007
0.022
0.093
0.014
0.029
0.187
0.093
0.000
0.129
0.014
0.036
-0.029
0.029
0.065
0.086
0.086
0.086
0.036
0.065
0.086
0.050
0.194
0.108
0.072
0.165
0.000
0.050
0.007
0.086
0.086
0.086
0.100
0.057
0.165
0.043
-0.014
0.036
0.022
0.050
0.057
0.086
-0.014
0.079
0.036
0.079
0.093
0.057
0.144
0.014
0.007
0.072
-0.007
0.100
0.165
0.057
0.036
0.043
-0.029
0.086
0.108
0.201
0.086
0.072
0.072
0.065
0.036
0.093
0.100
0.072
0.057
0.136
0.100
0.007
0.093
0.079
0.079
0.079
0.100
0.093
0.029
0.029
0.172
0.050
0.043
0.065
0.007
0.079
0.079
0.014
0.014
-0.014
0.050
0.065
0.022
0.093
0.036
0.043
0.086
0.043
0.000
0.057
-0.029
0.022
0.093
0.057
0.079
0.029
0.029
-0.014
0.072
0.108
0.086
0.057
0.022
0.093
0.079
0.050
0.100
0.072
0.086
0.050
0.029
0.029
0.014
0.100
0.043
0.179
0.079
0.108
0.144
0.108
0.043
0.158
0.115
0.043
0.050
0.043
0.136
0.043
0.079
0.043
0.043
0.029
0.079
0.072
0.129
0.165
0.014
0.007
-0.007
0.000
0.022
0.158
0.079
0.000
0.079
0.029
0.057
0.100
0.050
0.115
0.022
0.115
0.136
0.014
0.014
-0.022
0.007
0.065
0.129
0.100
0.136
0.187
0.065
0.151
0.179
0.100
0.065
0.036
0.029
0.050
0.079
0.079
0.122
0.086
0.079
0.108
0.151
0.036
0.057
0.072
0.100
0.072
0.022
0.000
0.072
-0.022
0.129
0.036
0.179
0.093
0.079
0.022
0.043
0.036
0.115
0.057
0.007
0.043
0.093
0.022
0.050
0.086
0.122
0.086
0.079
0.050
0.036
0.115
0.072
0.086
0.057
0.050
0.100
0.022
0.100
0.065
0.014
0.022
0.122
0.179
0.043
0.129
0.086
0.115
0.022
0.007
0.014
0.000
0.065
0.022
0.108
0.050
0.086
0.000
0.036
0.050
0.144
0.043
0.057
0.065
0.079
0.000
0.029
0.029
0.086
0.072
0.086
0.007
0.108
0.014
0.079
0.093
0.093
0.179
0.151
0.022
0.057
0.029
0.007
0.072
0.043
0.079
0.057
0.043
0.014
0.014
0.022
0.036
0.136
0.065
0.115
0.043
0.079
0.086
0.007
0.086
0.050
0.036
0.050
0.122
0.079
-0.014
0.086
0.036
0.093
0.100
0.144
0.100
0.086
0.158
0.108
0.165
0.079
0.100
0.158
0.014
0.086
0.057
-0.029
0.043
0.122
0.093
0.065
0.144
0.014
0.086
0.115
0.079
0.014
0.014
0.079
0.108
0.108
0.144
0.194
0.115
0.136
0.129
0.115
0.100
0.072
0.007
0.100
0.093
0.122
0.115
0.093
0.158
0.115
0.014
0.093
0.065
-0.029
0.022
0.100
0.065
0.100
0.172
0.115
-0.022
0.050
0.093
0.000
0.072
0.036
0.144
0.086
0.043
0.072
0.050
0.057
0.036
0.108
0.022
0.086
0.115
0.129
0.129
0.029
0.093
0.179
0.072
0.065
0.043
0.086
0.079
0.036
0.165
0.122
0.050
0.065
0.093
0.100
0.100
0.043
0.072
0.029
0.014
0.065
0.050
0.022
0.079
0.086
0.129
0.072
0.029
0.065
0.036
0.079
0.057
0.086
0.072
0.108
0.065
0.079
0.079
0.079
0.136
0.079
0.093
0.057
0.136
0.115
0.007
0.086
0.079
0.014
0.136
0.086
0.100
0.100
0.057
0.093
0.093
0.057
0.014
0.100
0.072
0.079
0.079
-0.022
0.079
0.050
0.043
0.093
0.100
0.000
0.115
0.100
0.072
0.079
0.122
0.022
0.065
0.043
0.065
0.108
0.065
0.129
0.007
0.086
0.100
0.036
0.072
0.065
0.043
0.129
0.086
0.093
0.072
0.079
0.029
0.079
0.108
0.079
-0.007
0.014
0.136
0.050
0.136
0.136
0.144
0.100
0.108
0.100
0.093
0.036
0.036
0.144
0.086
0.036
0.072
0.050
0.043
0.122
0.072
0.029
0.029
0.093
0.022
0.086
0.014
0.079
0.036
0.108
0.093
0.057
0.108
0.079
-0.029
0.144
0.072
0.144
0.086
0.093
0.100
0.022
0.029
0.144
0.022
0.007
0.022
0.108
0.072
0.079
0.086
0.144
0.136
0.000
0.086
0.057
0.115
0.065
-0.014
0.036
0.093
0.129
0.007
0.115
0.029
0.057
-0.007
0.079
0.036
0.179
0.093
0.100
0.093
0.158
0.122
0.065
0.022
0.086
0.079
0.029
0.100
0.086
0.057
0.136
0.115
0.136
0.100
0.022
0.115
0.029
0.057
0.100
-0.007
0.194
0.158
0.151
0.065
0.136
0.057
0.093
0.072
0.079
0.043
0.158
0.151
0.122
0.093
0.014
0.036
0.014
0.079
0.129
0.079
0.057
0.029
0.115
0.050
0.065
0.072
0.050
0.108
0.129
0.151
0.065
0.079
0.086
0.144
0.115
0.108
0.050
0.122
0.065
0.093
0.029
0.079
0.014
0.115
0.079
0.036
0.079
0.057
0.122
0.093
0.108
0.022
0.086
0.100
0.100
0.072
0.144
0.072
0.115
0.100
0.086
0.050
0.115
0.000
0.050
0.065
0.036
0.100
0.115
0.122
0.151
0.065
0.022
0.043
0.014
0.100
0.115
0.129
0.043
0.065
0.086
0.115
0.115
0.036
0.007
0.014
0.086
0.079
0.129
0.050
0.194
0.122
0.050
0.122
0.100
0.122
0.115
0.014
0.057
0.036
0.007
0.115
0.086
0.093
0.086
0.093
0.072
0.108
0.086
0.036
0.179
0.079
0.115
0.136
0.057
-0.029
0.036
0.043
0.072
0.036
0.079
0.129
0.057
0.100
0.007
0.065
0.007
0.136
0.043
0.100
0.086
0.115
0.100
0.036
0.136
0.057
0.065
0.022
0.014
0.100
0.136
0.050
0.115
0.057
0.115
0.093
0.129
0.043
0.093
0.086
0.072
0.129
0.065
0.151
0.043
0.115
0.057
0.079
-0.007
0.022
0.122
0.072
0.036
0.050
0.136
0.093
0.022
0.108
0.065
0.100
0.065
0.043
0.043
0.086
0.129
0.151
0.108
0.057
0.158
0.043
0.043
0.086
0.093
0.100
-0.014
0.029
0.086
0.122
0.108
0.093
0.007
0.007
0.079
0.079
0.129
0.065
0.158
0.065
0.129
0.079
0.086
0.065
0.072
0.100
-0.014
0.057
0.122
0.158
0.079
0.151
0.000
0.036
0.072
0.057
0.007
0.093
0.057
0.100
0.144
0.036
0.122
0.122
0.129
0.108
0.072
0.029
0.072
0.022
0.036
0.100
0.187
0.057
0.158
0.057
0.093
0.072
0.029
0.086
0.100
0.129
0.100
0.165
0.100
0.086
0.115
0.072
0.086
0.100
0.100
0.172
0.158
0.122
0.108
0.057
0.029
0.029
0.057
0.036
0.115
0.093
0.151
0.079
0.057
0.122
0.129
0.072
0.043
0.050
0.065
0.072
0.165
0.072
0.079
0.136
0.129
0.093
0.036
0.029
0.043
-0.014
0.079
0.100
0.151
0.000
0.144
0.151
0.007
0.108
0.022
0.057
0.086
0.079
0.036
0.065
0.129
0.151
0.151
0.065
0.122
0.093
0.079
0.007
0.065
0.036
0.057
0.122
0.115
0.093
0.057
0.100
0.100
0.158
0.057
0.065
0.100
0.072
0.122
0.050
0.065
0.129
0.144
0.187
0.136
0.115
0.115
0.022
0.151
0.093
0.086
0.036
0.065
0.172
0.065
0.086
-0.014
0.093
0.014
0.129
0.158
0.057
0.129
0.201
0.194
0.072
0.100
0.050
0.079
0.100
0.079
0.057
0.022
0.093
0.029
0.057
0.093
0.136
0.029
0.122
0.144
0.093
-0.007
0.050
0.158
0.043
0.144
0.165
0.065
0.172
0.043
0.022
0.036
0.093
0.072
0.057
0.057
0.086
0.065
0.065
0.057
0.115
0.079
-0.014
0.172
0.172
0.115
0.144
0.086
0.100
0.057
0.036
0.151
0.079
0.079
0.086
0.036
0.086
0.136
0.057
0.108
0.165
0.072
0.043
0.144
0.043
0.043
0.029
0.086
0.057
0.036
0.065
0.201
0.201
0.108
0.115
0.057
0.194
0.122
0.122
0.122
0.057
0.079
0.129
0.065
0.072
0.172
0.100
0.100
0.043
0.050
0.093
0.079
0.093
0.136
0.072
-0.014
0.108
0.129
0.072
0.093
0.122
0.115
0.065
-0.014
0.036
0.093
0.093
-0.007
0.050
0.057
0.086
0.122
-0.014
0.014
0.036
0.144
0.050
0.043
0.100
0.144
0.108
0.072
0.086
0.072
0.065
0.050
0.072
0.057
0.050
0.108
0.129
0.093
0.100
0.151
0.000
0.022
0.065
0.108
0.093
0.079
0.065
0.158
0.007
0.079
0.043
0.043
0.079
0.079
0.151
0.115
0.065
0.115
0.108
0.144
0.065
0.136
0.122
0.079
0.022
0.144
0.057
0.029
0.050
0.129
0.136
0.072
0.057
0.036
0.036
0.036
0.072
0.072
0.108
0.122
0.057
0.151
0.122
0.129
0.151
0.136
0.029
0.065
0.079
0.065
0.057
0.043
0.079
0.129
0.050
-0.007
0.043
0.072
0.000
0.151
0.072
0.093
0.115
0.115
0.122
0.144
0.029
0.108
0.057
0.079
0.072
0.122
0.079
0.129
0.065
0.129
0.165
0.129
0.122
0.187
0.151
0.086
0.050
0.072
0.065
0.072
0.108
0.144
0.172
0.115
0.100
0.165
0.086
0.050
0.100
0.050
0.014
0.065
0.079
0.043
0.093
0.043
0.057
0.014
0.129
0.029
0.144
0.115
0.108
0.115
0.079
0.022
0.057
0.115
0.079
0.079
0.093
0.108
0.086
0.093
0.065
0.086
0.122
0.108
0.201
0.201
0.029
0.086
0.129
0.029
0.144
0.122
0.022
0.093
0.115
0.014
0.151
0.194
0.093
0.007
0.022
0.050
0.093
0.165
0.100
0.036
0.129
0.129
0.036
0.086
0.043
0.036
0.036
0.007
0.108
0.100
0.129
0.115
0.136
0.100
0.000
0.086
-0.007
0.108
0.057
0.115
0.057
0.100
0.086
0.065
0.072
0.022
0.115
0.065
0.086
0.079
0.079
0.057
0.108
0.057
0.122
0.100
0.108
0.086
0.165
-0.007
0.136
0.129
0.108
0.115
0.158
0.165
0.065
0.043
0.065
0.072
0.100
0.136
0.100
0.158
0.165
0.115
0.158
0.036
0.036
0.043
0.115
0.086
0.100
0.029
0.086
0.079
0.050
0.108
0.079
0.129
0.079
0.100
0.043
0.122
0.122
0.179
0.043
0.086
0.065
0.036
0.136
0.043
0.093
0.122
0.129
0.057
0.072
0.065
0.036
0.086
0.158
0.079
0.122
0.136
0.065
0.151
0.079
0.100
0.043
0.029
0.050
0.151
0.072
0.136
0.108
0.086
0.043
0.050
0.122
0.072
0.108
0.029
0.065
0.036
0.086
0.093
0.050
0.065
0.057
0.022
0.007
0.100
0.057
0.136
0.108
0.065
0.136
0.043
0.057
0.115
0.014
0.057
0.115
0.079
0.129
0.086
0.100
0.057
0.086
0.065
0.007
0.065
0.086
0.050
0.158
0.100
0.043
0.036
0.093
0.043
0.129
0.000
0.136
0.050
0.129
0.022
0.151
0.086
0.136
0.093
0.057
0.050
0.122
0.050
0.079
0.072
0.079
0.122
0.108
0.065
0.057
0.072
0.115
0.165
0.165
0.122
0.093
0.079
0.043
0.093
0.093
0.151
0.122
0.100
0.122
0.065
-0.007
0.043
0.043
0.144
0.086
0.115
0.043
0.036
0.151
0.036
0.179
-0.761
-1.084
-1.070
-1.070
-1.077
-1.113
-1.163
-1.113
-1.091
-1.134
-1.105
-1.077
-1.149
-1.113
-1.113
-1.077
-1.134
-1.220
-1.084
-1.156
-1.149
-1.070
-1.134
-1.077
-1.091
-1.192
-1.084
-1.120
-1.149
-1.149
-1.091
-1.177
-1.177
-1.077
-1.206
-1.070
-1.184
-1.127
-1.213
-1.192
-1.199
-1.199
-1.149
-1.156
-1.134
-1.105
-1.105
-1.156
-1.134
-1.141
-1.084
-1.206
-1.199
-1.228
-1.156
-1.149
-1.105
-1.149
-1.098
-1.120
-1.141
-1.141
-1.149
-1.141
-1.163
-1.213
-1.134
-1.206
-1.213
-1.149
-1.249
-1.120
-1.105
-1.156
-1.184
-1.163
-1.235
-1.177
-1.134
-1.199
-1.156
-1.170
-1.163
-1.127
-1.134
-1.163
-1.206
-1.141
-1.213
-1.235
-1.199
-1.256
-1.170
-1.084
-1.192
-1.206
-1.228
-1.220
-1.263
-1.177
-1.184
-1.199
-1.228
-1.170
-1.163
-1.105
-1.213
-1.170
-1.113
-1.192
-1.206
-1.113
-1.098
-1.249
-1.184
-1.199
-1.170
-1.091
-1.228
-1.515
-1.113
-1.292
-1.213
-1.177
-1.177
-1.235
-1.192
-1.184
-1.292
-1.105
-1.220
-1.306
-1.206
-1.156
-1.156
-1.213
-1.206
-1.199
-1.098
-1.156
-1.256
-1.184
-1.242
-1.170
-1.192
-1.199
-1.199
-1.235
-1.228
-1.278
-1.263
-1.177
-1.213
-1.213
-1.213
-1.120
-1.184
-1.249
-1.314
-1.206
-1.228
-1.278
-1.242
-1.292
-1.235
-1.263
-1.213
-1.235
-1.249
-1.170
-1.271
-1.256
-1.184
-1.091
-1.271
-1.249
-1.242
-1.177
-1.242
-1.357
-1.206
-1.256
-1.249
-1.235
-1.192
-1.314
-1.235
-1.256
-1.285
-1.220
-1.256
-1.184
-1.235
-1.263
-1.192
-1.321
-1.228
-1.220
-1.292
-1.192
-1.228
-1.199
-1.199
-1.156
-1.184
-1.184
-1.263
-1.321
-1.278
-1.120
-1.271
-1.206
-1.170
-1.350
-1.299
-1.306
-1.271
-1.278
-1.199
-1.163
-1.199
-1.213
-1.220
-1.235
-1.220
-1.242
-1.271
-1.242
-1.306
-1.235
-1.256
-1.263
-1.342
-1.235
-1.299
-1.177
-1.285
-1.321
-1.242
-1.242
-1.256
-1.314
-1.228
-1.314
-1.314
-1.335
-1.271
-1.192
-1.306
-1.220
-1.278
-1.242
-1.278
-1.299
-1.314
-1.263
-1.278
-1.378
-1.321
-1.242
-1.371
-1.256
-1.263
-1.249
-1.306
-1.249
-1.235
-1.263
-1.292
-1.314
-1.350
-1.256
-1.321
-1.773
-1.228
-1.292
-1.321
-1.299
-1.278
-1.228
-1.314
-1.299
-1.278
-1.285
-1.249
-1.292
-1.285
-1.249
-1.271
-1.256
-1.342
-1.263
-1.335
-1.235
-1.235
-1.263
-1.299
-1.271
-1.235
-1.285
-1.357
-1.328
-1.292
-1.306
-1.436
-1.242
-1.335
-1.350
-1.292
-1.263
-1.271
-1.285
-1.271
-1.321
-1.278
-1.342
-1.213
-1.278
-1.328
-1.464
-1.278
-1.299
-1.263
-1.091
-1.263
-1.371
-1.278
-1.385
-1.306
-1.335
-1.335
-1.328
-1.342
-1.328
-1.314
-1.292
-1.335
-1.242
-1.350
-1.321
-1.335
-1.249
-1.328
-1.328
-1.314
-1.407
-1.271
-1.256
-1.328
-1.235
-1.357
-1.314
-1.335
-1.371
-1.256
-1.385
-1.314
-1.256
-1.335
-1.385
-1.378
-1.299
-1.328
-1.385
-1.292
-1.335
-1.357
-1.385
-1.292
-1.328
-1.335
-1.357
-1.371
-1.285
-1.342
-1.378
-1.321
-1.292
-1.292
-1.357
-1.357
-1.328
-1.407
-1.328
-1.364
-1.371
-1.378
-1.357
-1.249
-1.306
-1.385
-1.271
-1.407
-1.357
-1.385
-1.421
-1.400
-1.335
-1.407
-1.436
-1.350
-1.299
-1.407
-1.285
-1.306
-1.371
-1.371
-1.335
-1.393
-1.342
-1.378
-1.400
-1.321
-1.364
-1.378
-1.292
-1.328
-1.357
-1.321
-1.321
-1.328
-1.357
-1.378
-1.385
-1.378
-1.328
-1.400
-1.350
-1.436
-1.328
-1.328
-1.321
-1.393
-1.371
-1.321
-1.314
-1.436
-1.350
-1.335
-1.357
-1.335
-1.371
-1.328
-1.407
-1.414
-1.414
-1.378
-1.500
-1.328
-1.371
-1.450
-1.350
-1.350
-1.342
-1.357
-1.350
-1.321
-1.414
-1.364
-1.371
-1.378
-1.364
-1.407
-1.479
-1.350
-1.400
-1.436
-1.350
-1.350
-1.342
-1.400
-1.335
-1.364
-1.414
-1.328
-1.350
-1.371
-1.378
-1.464
-1.486
-1.393
-1.385
-1.393
-1.385
-1.378
-1.421
-1.414
-1.400
-1.385
-1.414
-1.400
-1.429
-1.371
-1.342
-1.385
-1.429
-1.314
-1.278
-1.371
-1.335
-1.357
-1.364
-1.357
-1.342
-1.278
-1.407
-1.364
-1.450
-1.342
-1.342
-1.385
-1.414
-1.385
-1.306
-1.357
-1.350
-1.328
-1.393
-1.378
-1.443
-1.479
-1.378
-1.350
-1.393
-1.335
-1.407
-1.342
-1.450
-1.421
-1.342
-1.328
-1.393
-1.450
-1.328
-1.335
-1.421
-1.421
-1.350
-1.393
-1.328
-1.321
-1.314
-1.393
-1.443
-1.357
-1.429
-1.357
-1.400
-1.421
-1.321
-1.414
-1.385
-1.457
-1.371
-1.299
-1.421
-1.393
-1.421
-1.371
-1.421
-1.292
-1.407
-1.335
-1.429
-1.436
-1.350
-1.464
-1.378
-1.479
-1.443
-1.385
-1.464
-1.342
-1.378
-1.414
-1.407
-1.385
-1.429
-1.421
-1.414
-1.350
-1.436
-1.385
-1.364
-1.436
-1.393
-1.407
-1.385
-1.335
-1.436
-1.378
-1.378
-1.443
-1.414
-1.350
-1.436
-1.414
-1.421
-1.393
-1.378
-1.378
-1.385
-1.364
-1.350
-1.429
-1.357
-1.378
-1.450
-1.371
-1.393
-1.457
-1.457
-1.306
-1.328
-1.364
-1.429
-1.457
-1.443
-1.429
-1.421
-1.486
-1.378
-1.407
-1.357
-1.342
-1.364
-1.464
-1.421
-1.357
-1.400
-1.493
-1.350
-1.486
-1.479
-1.464
-1.378
-1.393
-1.414
-1.436
-1.443
-1.464
-1.321
-1.357
-1.378
-1.457
-1.357
-1.378
-1.457
-1.500
-1.443
-1.414
-1.472
-1.414
-1.357
-1.457
-1.414
-1.400
-1.335
-1.429
-1.457
-1.342
-1.500
-1.472
-1.371
-1.443
-1.414
-1.421
-1.436
-1.385
-1.407
-1.407
-1.371
-1.472
-1.493
-1.500
-1.443
-1.342
-1.407
-1.414
-1.464
-1.400
-1.429
-1.421
-1.443
-1.472
-1.429
-1.464
-1.443
-1.515
-1.464
-1.486
-1.450
-1.536
-1.486
-1.436
-1.515
-1.385
-1.335
-1.500
-1.400
-1.479
-1.371
-1.436
-1.357
-1.393
-1.450
-1.443
-1.371
-1.414
-1.443
-1.436
-1.450
-1.429
-1.429
-1.457
-1.507
-1.385
-1.450
-1.400
-1.472
-1.407
-1.393
-1.457
-1.393
-1.429
-1.421
-1.472
-1.472
-1.385
-1.429
-1.507
-1.464
-1.364
-1.371
-1.457
-1.472
-1.457
-1.472
-1.500
-1.429
-1.393
-1.429
-1.443
-1.429
-1.400
-1.414
-1.486
-1.493
-1.472
-1.436
-1.507
-1.436
-1.378
-1.350
-1.407
-1.450
-1.407
-1.443
-1.472
-1.522
-1.472
-1.479
-1.393
-1.385
-1.350
-1.479
-1.414
-1.357
-1.421
-1.457
-1.436
-1.429
-1.457
-1.429
-1.443
-1.378
-1.472
-1.407
-1.594
-1.543
-1.515
-1.493
-1.414
-1.486
-1.421
-1.464
-1.486
-1.486
-1.371
-1.500
-1.421
-1.436
-1.385
-1.429
-1.414
-1.515
-1.472
-1.421
-1.429
-1.472
-1.479
-1.436
-1.500
-1.493
-1.429
-1.429
-1.407
-1.486
-1.457
-1.464
-1.421
-1.472
-1.479
-1.450
-1.529
-1.479
-1.421
-1.486
-1.479
-1.493
-1.436
-1.421
-1.414
-1.436
-1.507
-1.507
-1.443
-1.493
-1.457
-1.400
-1.457
-1.500
-1.450
-1.457
-1.507
-1.436
-1.457
-1.457
-1.443
-1.450
-1.500
-1.515
-1.515
-1.450
-1.472
-1.457
-1.464
-1.472
-1.436
-1.500
-1.414
-1.393
-1.436
-1.529
-1.371
-1.529
-1.464
-1.464
-1.443
-1.429
-1.543
-1.421
-1.529
-1.421
-1.637
-1.493
-1.565
-1.378
-1.529
-1.400
-1.464
-1.393
-1.543
-1.522
-1.479
-1.536
-1.464
-1.429
-1.500
-1.464
-1.493
-1.558
-1.450
-1.400
-1.536
-1.342
-1.579
-1.486
-1.507
-1.414
-1.464
-1.522
-1.479
-1.450
-1.486
-1.543
-1.543
-1.371
-1.658
-1.443
-1.572
-1.486
-1.479
-1.457
-1.450
-1.486
-1.522
-1.414
-1.522
-1.515
-1.378
-1.450
-1.472
-1.522
-1.450
-1.500
-1.450
-1.443
-1.472
-1.457
-1.385
-1.543
-1.443
-1.450
-1.306
-1.536
-1.608
-1.572
-1.507
-1.436
-1.486
-1.472
-1.536
-1.436
-1.436
-1.493
-1.479
-1.464
-1.493
-1.622
-1.493
-1.529
-1.522
-1.450
-1.457
-1.529
-1.457
-1.536
-1.486
-1.457
-1.507
-1.436
-1.522
-1.529
-1.443
-1.486
-1.515
-1.558
-1.500
-1.464
-1.472
-1.522
-1.507
-1.457
-1.486
-1.421
-1.429
-1.472
-1.479
-1.579
-1.500
-1.464
-1.472
-1.529
-1.579
-1.507
-1.522
-1.486
-1.457
-1.429
-1.493
-1.536
-1.436
-1.522
-1.515
-1.558
-1.450
-1.529
-1.457
-1.464
-1.522
-1.515
-1.500
-1.507
-1.464
-1.472
-1.371
-1.464
-1.543
-1.529
-1.522
-1.450
-1.429
-1.515
-1.450
-1.443
-1.522
-1.551
-1.443
-1.515
-1.493
-1.443
-1.543
-1.436
-1.543
-1.507
-1.429
-1.429
-1.457
-1.464
-1.443
-1.529
-1.558
-1.536
-1.400
-1.529
-1.500
-1.457
-1.493
-1.493
-1.522
-1.565
-1.472
-1.400
-1.457
-1.443
-1.515
-1.522
-1.507
-1.464
-1.558
-1.450
-1.493
-1.472
-1.565
-1.586
-1.507
-1.472
-1.472
-1.479
-1.500
-1.551
-1.522
-1.472
-1.421
-1.529
-1.558
-1.644
-1.500
-1.500
-1.464
-1.637
-1.536
-1.579
-1.572
-1.493
-1.457
-1.450
-1.529
-1.278
-1.515
-1.543
-1.407
-1.486
-1.680
-1.529
-1.335
-1.414
-1.479
-1.472
-1.472
-1.407
-1.486
-1.486
-1.464
-1.536
-1.493
-1.529
-1.457
-1.436
-1.543
-1.421
-1.493
-1.551
-1.551
-1.522
-1.579
-1.479
-1.443
-1.565
-1.522
-1.543
-1.558
-1.472
-1.472
-1.543
-1.515
-1.529
-1.414
-1.565
-1.464
-1.500
-1.572
-1.551
-1.472
-1.558
-1.479
-1.457
-1.429
-1.443
-1.529
-1.515
-1.443
-1.421
-1.486
-1.529
-1.543
-1.500
-1.464
-1.536
-1.572
-1.565
-1.529
-1.457
-1.479
-1.500
-1.515
-1.472
-1.551
-1.543
-1.457
-1.479
-1.529
-1.500
-1.493
-1.479
-1.536
-1.515
-1.572
-1.536
-1.543
-1.507
-1.543
-1.529
-1.558
-1.515
-1.393
-1.421
-1.529
-1.486
-1.522
-1.500
-1.601
-1.522
-1.507
-1.464
-1.529
-1.586
-1.479
-1.486
-1.515
-1.515
-1.500
-1.558
-1.515
-1.594
-1.551
-1.515
-1.507
-1.529
-1.558
-1.479
-1.522
-1.522
-1.500
-1.529
-1.486
-1.493
-1.565
-1.551
-1.551
-1.507
-1.429
-1.414
-1.457
-1.551
-1.515
-1.522
-1.421
-1.493
-1.536
-1.515
-1.507
-1.558
-1.565
-1.529
-1.479
-1.579
-1.493
-1.543
-1.493
-1.615
-1.486
-1.479
-1.486
-1.515
-1.515
-1.522
-1.608
-1.565
-1.407
-1.572
-1.529
-1.543
-1.486
-1.529
-1.529
-1.536
-1.486
-1.565
-1.558
-1.543
-1.479
-1.536
-1.658
-1.543
-1.558
-1.493
-1.515
-1.529
-1.558
-1.579
-1.522
-1.594
-1.529
-1.637
-1.536
-1.543
-1.551
-1.486
-1.572
-1.515
-1.357
-1.630
-1.529
-1.615
-1.536
-1.586
-1.464
-1.615
-1.464
-1.522
-1.493
-1.515
-1.457
-1.608
-1.479
-1.622
-1.601
-1.622
-1.586
-1.558
-1.558
-1.529
-1.464
-1.507
-1.486
-1.529
-1.536
-1.507
-1.572
-1.543
-1.536
-1.515
-1.601
-1.565
-1.450
-1.486
-1.472
-1.486
-1.472
-1.457
-1.507
-1.594
-1.486
-1.486
-1.529
-1.543
-1.579
-1.543
-1.572
-1.644
-1.565
-1.472
-1.558
-1.515
-1.615
-1.515
-1.579
-1.579
-1.457
-1.594
-1.558
-1.572
-1.579
-1.536
-1.500
-1.551
-1.464
-1.507
-1.522
-1.522
-1.529
-1.536
-1.594
-1.507
-1.558
-1.651
-1.551
-1.579
-1.615
-1.565
-1.565
-1.551
-1.479
-1.529
-1.493
-1.551
-1.551
-1.479
-1.594
-1.608
-1.529
-1.479
-1.500
-1.493
-1.464
-1.572
-1.579
-1.522
-1.558
-1.515
-1.565
-1.536
-1.479
-1.572
-1.608
-1.579
-1.572
-1.558
-1.637
-1.565
-1.572
-1.572
-1.558
-1.579
-1.529
-1.601
-1.558
-1.529
-1.558
-1.586
-1.421
-1.622
-1.529
-1.529
-1.543
-1.536
-1.515
-1.565
-1.493
-1.558
-1.543
-1.558
-1.586
-1.507
-1.579
-1.457
-1.543
-1.594
-1.543
-1.579
-1.565
-1.579
-1.493
-1.651
-1.551
-1.472
-1.594
-1.529
-1.601
-1.579
-1.558
-1.551
-1.472
-1.536
-1.515
-1.558
-1.551
-1.500
-1.522
-1.558
-1.551
-1.522
-1.543
-1.572
-1.507
-1.601
-1.551
-1.572
-1.572
-1.529
-1.551
-1.522
-1.472
-1.500
-1.443
-1.586
-1.622
-1.594
-1.572
-1.522
-1.507
-1.457
-1.500
-1.586
-1.601
-1.558
-1.486
-1.543
-1.479
-1.543
-1.551
-1.665
-1.558
-1.436
-1.479
-1.572
-1.579
-1.529
-1.529
-1.515
-1.565
-1.522
-1.579
-1.486
-1.529
-1.601
-1.615
-1.651
-1.543
-1.615
-1.608
-1.601
-1.579
-1.558
-1.630
-1.572
-1.522
-1.551
-1.543
-1.586
-1.500
-1.601
-1.630
-1.507
-1.558
-1.630
-1.601
-1.536
-1.507
-1.500
-1.536
-1.500
-1.450
-1.529
-1.565
-1.601
-1.558
-1.522
-1.522
-1.601
-1.551
-1.630
-1.479
-1.536
-1.579
-1.551
-1.507
-1.615
-1.579
-1.493
-1.558
-1.558
-1.507
-1.601
-1.536
-1.551
-1.637
-1.543
-1.543
-1.565
-1.586
-1.529
-1.522
-1.637
-1.586
-1.486
-1.543
-1.622
-1.608
-1.529
-1.536
-1.500
-1.493
-1.450
-1.551
-1.658
-1.536
-1.507
-1.572
-1.529
-1.565
-1.558
-1.630
-1.579
-1.486
-1.507
-1.565
-1.507
-1.543
-1.572
-1.579
-1.551
-1.522
-1.457
-1.515
-1.507
-1.558
-1.594
-1.529
-1.536
-1.486
-1.551
-1.543
-1.551
-1.586
-1.543
-1.601
-1.579
-1.464
-1.615
-1.515
-1.536
-1.615
-1.594
-1.529
-1.500
-1.486
-1.522
-1.565
-1.586
-1.551
-1.572
-1.536
-1.551
-1.543
-1.615
-1.594
-1.558
-1.601
-1.673
-1.644
-1.464
-1.479
-1.665
-1.615
-1.493
-1.572
-1.551
-1.630
-1.594
-1.515
-1.479
-1.385
-1.543
-1.543
-1.536
-1.586
-1.572
-1.572
-1.594
-1.558
-1.558
-1.536
-1.486
-1.536
-1.586
-1.630
-1.558
-1.543
-1.464
-1.601
-1.586
-1.558
-1.558
-1.551
-1.536
-1.507
-1.608
-1.522
-1.543
-1.558
-1.536
-1.558
-1.586
-1.551
-1.594
-1.586
-1.551
-1.572
-1.615
-1.608
-1.543
-1.551
-1.515
-1.479
-1.565
-1.543
-1.529
-1.658
-1.543
-1.536
-1.436
-1.579
-1.536
-1.644
-1.615
-1.558
-1.551
-1.608
-1.572
-1.551
-1.536
-1.579
-1.565
-1.594
-1.716
-1.479
-1.565
-1.551
-1.565
-1.565
-1.507
-1.579
-1.608
-1.529
-1.565
-1.615
-1.522
-1.536
-1.515
-1.565
-1.615
-1.615
-1.601
-1.529
-1.687
-1.658
-1.594
-1.579
-1.630
-1.551
-1.565
-1.579
-1.615
-1.615
-1.507
-1.586
-1.558
-1.608
-1.551
-1.486
-1.622
-1.594
-1.615
-1.644
-1.536
-1.601
-1.536
-1.579
-1.594
-1.630
-1.565
-1.630
-1.565
-1.644
-1.522
-1.601
-1.529
-1.651
-1.579
-1.651
-1.500
-1.615
-1.586
-1.500
-1.586
-1.622
-1.529
-1.536
-1.536
-1.579
-1.608
-1.551
-1.601
-1.579
-1.579
-1.579
-1.558
-1.622
-1.608
-1.572
-1.529
-1.558
-1.630
-1.543
-1.601
-1.551
-1.579
-1.522
-1.572
-1.594
-1.529
-1.622
-1.586
-1.601
-1.543
-1.558
-1.500
-1.543
-1.615
-1.543
-1.558
-1.594
-1.558
-1.558
-1.579
-1.622
-1.493
-1.622
-1.579
-1.551
-1.608
-1.529
-1.687
-1.565
-1.594
-1.637
-1.572
-1.551
-1.572
-1.579
-1.637
-1.551
-1.507
-1.651
-1.558
-1.572
-1.594
-1.536
-1.572
-1.601
-1.529
-1.558
-1.615
-1.572
-1.608
-1.565
-1.579
-1.579
-1.586
-1.622
-1.586
-1.493
-1.608
-1.601
-1.608
-1.500
-1.644
-1.536
-1.536
-1.529
-1.651
-1.586
-1.551
-1.515
-1.529
-1.594
-1.536
-1.572
-1.594
-1.558
-1.665
-1.615
-1.515
-1.601
-1.579
-1.687
-1.637
-1.558
-1.622
-1.579
-1.586
-1.622
-1.558
-1.594
-1.622
-1.601
-1.558
-1.608
-1.572
-1.472
-1.543
-1.522
-1.622
-1.651
-1.608
-1.622
-1.551
-1.615
-1.608
-1.565
-1.586
-1.608
-1.579
-1.515
-1.637
-1.637
-1.586
-1.536
-1.486
-1.665
-1.665
-1.529
-1.558
-1.665
-1.608
-1.608
-1.644
-1.637
-1.572
-1.565
-1.493
-1.579
-1.615
-1.637
-1.572
-1.651
-1.594
-1.558
-1.594
-1.515
-1.572
-1.543
-1.529
-1.522
-1.543
-1.543
-1.543
-1.479
-1.594
-1.723
-1.601
-1.608
-1.608
-1.601
-1.622
-1.551
-1.601
-1.551
-1.622
-1.622
-1.536
-1.651
-1.486
-1.572
-1.630
-1.558
-1.543
-1.615
-1.558
-1.551
-1.630
-1.536
-1.637
-1.601
-1.558
-1.572
-1.579
-1.586
-1.608
-1.565
-1.608
-1.615
-1.673
-1.565
-1.572
-1.622
-1.601
-1.572
-1.579
-1.507
-1.543
-1.615
-1.615
-1.601
-1.565
-1.651
-1.622
-1.565
-1.558
-1.572
-1.608
-1.615
-1.586
-1.572
-1.644
-1.536
-1.572
-1.586
-1.543
-1.601
-1.579
-1.486
-1.500
-1.594
-1.586
-1.565
-1.579
-1.565
-1.608
-1.551
-1.565
-1.579
-1.558
-1.665
-1.608
-1.579
-1.831
-1.543
-1.608
-1.694
-1.515
-1.601
-1.572
-1.644
-1.529
-1.673
-1.644
-1.522
-1.673
-1.572
-1.522
-1.601
-1.615
-1.601
-1.565
-1.651
-1.507
-1.615
-1.644
-1.586
-1.687
-1.586
-1.622
-1.536
-1.687
-1.594
-1.608
-1.565
-1.507
-1.594
-1.622
-1.579
-1.694
-1.565
-1.594
-1.572
-1.558
-1.507
-1.630
-1.579
-1.565
-1.680
-1.551
-1.586
-1.586
-1.572
-1.694
-1.586
-1.572
-1.565
-1.572
-1.579
-1.601
-1.551
-1.536
-1.558
-1.558
-1.594
-1.543
-1.637
-1.601
-1.608
-1.572
-1.594
-1.615
-1.615
-1.615
-1.615
-1.630
-1.594
-1.601
-1.644
-1.601
-1.558
-1.601
-1.543
-1.579
-1.579
-1.594
-1.608
-1.515
-1.651
-1.644
-1.673
-1.601
-1.586
-1.572
-1.637
-1.536
-1.637
-1.586
-1.622
-1.551
-1.622
-1.630
-1.565
-1.594
-1.486
-1.608
-1.500
-1.529
-1.658
-1.630
-1.565
-1.601
-1.594
-1.680
-1.601
-1.579
-1.644
-1.565
-1.565
-1.586
-1.673
-1.558
-1.644
-1.608
-1.551
-1.608
-1.637
-1.658
-1.665
-1.608
-1.608
-1.586
-1.630
-1.543
-1.608
-1.565
-1.601
-1.601
-1.579
-1.586
-1.601
-1.644
-1.673
-1.586
-1.615
-1.622
-1.615
-1.572
-1.529
-1.601
-1.551
-1.500
-1.630
-1.622
-1.622
-1.694
-1.579
-1.651
-1.551
-1.586
-1.536
-1.579
-1.694
-1.558
-1.608
-1.594
-1.630
-1.601
-1.594
-1.601
-1.637
-1.572
-1.608
-1.630
-1.644
-1.694
-1.601
-1.665
-1.594
-1.615
-1.601
-1.515
-1.586
-1.522
-1.543
-1.637
-1.622
-1.658
-1.586
-1.551
-1.594
-1.586
-1.601
-1.572
-1.622
-1.601
-1.536
-1.594
-1.558
-1.701
-1.579
-1.608
-1.615
-1.601
-1.551
-1.637
-1.644
-1.601
-1.601
-1.673
-1.608
-1.622
-1.565
-1.651
-1.622
-1.529
-1.551
-1.658
-1.529
-1.630
-1.608
-1.658
-1.594
-1.579
-1.630
-1.644
-1.601
-1.644
-1.579
-1.572
-1.601
-1.608
-1.630
-1.673
-1.673
-1.594
-1.630
-1.507
-1.651
-1.608
-1.586
-1.579
-1.601
-1.608
-1.579
-1.601
-1.608
-1.572
-1.665
-1.572
-1.651
-1.630
-1.615
-1.572
-1.601
-1.551
-1.673
-1.687
-1.507
-1.522
-1.673
-1.644
-1.665
-1.594
-1.586
-1.622
-1.594
-1.572
-1.630
-1.586
-1.608
-1.558
-1.673
-1.615
-1.601
-1.594
-1.622
-1.644
-1.551
-1.565
-1.637
-1.586
-1.572
-1.637
-1.565
-1.622
-1.658
-1.608
-1.630
-1.594
-1.615
-1.644
-1.565
-1.551
-1.615
-1.637
-1.572
-1.594
-1.594
-1.586
-1.594
-1.622
-1.551
-1.673
-1.615
-1.608
-1.644
-1.658
-1.601
-1.551
-1.536
-1.701
-1.615
-1.594
-1.579
-1.594
-1.622
-1.665
-1.601
-1.558
-1.637
-1.579
-1.680
-1.586
-1.572
-1.515
-1.622
-1.515
-1.601
-1.622
-1.543
-1.608
-1.630
-1.601
-1.594
-1.644
-1.644
-1.579
-1.687
